,1870.0,1880.0,1890.0,1900.0,1910.0,1920.0,1930.0,1940.0,1950.0,1960.0,1970.0,1980.0,1990.0,2000.0,2010.0
Albania,,,,,,,0.02071289482361893,-0.19676658539235414,-0.3147626175805211,-0.2575069817941936,-0.46217816585221716,-0.5513473576779307,,,
Algeria,,,,,,,,0.3448988087306596,0.02383799420804152,-0.1945300445012989,-0.4023281269392004,-0.7901611130929238,-0.607033722425131,,
Andorra,,,,,,,,-0.38915714673647733,-0.3383968141780688,-0.516850438262653,-0.6918925430496764,-0.5083475402072185,,,
Argentina,,,,,,-1.4943673189983546,-1.826134366956422,-1.639777624320795,-1.9341261070193305,-1.8157991393819626,-2.006378090780173,-2.09019110621156,-2.145696879552361,,
Armenia,,,,,,-0.5408976939168572,-0.2923489346424205,-0.6149027370963926,-0.8626494369169442,-0.558781998369051,-0.7224976268378194,-0.47301886755829275,,,
Australia,,,,,-0.1737125284370949,-0.16934917787016324,-0.18387638654815322,-0.3818358294713806,-0.3533891258665637,-0.32146196470645416,-0.2081017750832722,-0.21337713286384496,,,
Austria,,,,,,-0.01838805175228355,-0.007721403922714303,-0.48375439659116143,-0.5561696509289283,-0.5483780227039383,-0.5882952631019963,-0.6405437972679883,,,
Azerbaijan,,,,,,,1.112127536573909,0.9971552756405294,0.8420853908433601,0.8953225459862021,0.7080886139440603,0.8034373189388607,0.5126905582107758,,
Bahrain,,,,,,,,,1.3213328713788346,1.258499330769241,1.2985279961853649,1.3151098263773964,1.3425637093061122,,
Bangladesh,,,,,,,,2.5155443626459166,2.384067590815358,2.149020152156673,2.2228845050902226,,,,
Belarus,,,,,,1.0328360952412532,0.9324269796387314,0.47594443815728366,-0.08280336280986741,-0.10929060966384507,-0.34007017351524554,-0.5485238082529776,-0.6546121004167856,,
Belgium,,,,,,-0.3694637663553826,-0.4556329286186785,-0.3729225174847799,-0.3928761555610631,-0.2860071793539068,-0.23071348464289199,-0.2520654816618112,,,
Bosnia,,,,,,,0.5612571847792753,0.1485243453313928,-0.15906088419002237,-0.2463518346985548,-0.3968108655554484,-0.5092788031894994,,,
Brazil,,,,,,,,-0.40297379311317705,-0.634617924291969,-0.4559407842598741,-0.7992021504868606,-0.7588620268000585,-0.7953810774200957,,
Bulgaria,,,,,,-0.45196300477719403,-0.7898171519579195,-0.9199269994755478,-1.124321593749948,-1.0404732069730005,-1.0473780630109601,-1.073797382791704,,,
Burkina Faso,,,,,,,,0.7755713985570121,0.9589023189211469,0.4272056763693177,0.1304753496746489,0.06671089620386784,,,
Canada,,,,,,0.4597978571504424,0.379045160846216,0.08165617688187146,-0.09462255734562457,0.016648331434323215,-0.030406459044531268,0.16488000221736088,,,
Chile,,,,,,,0.132230561284649,-0.06812128315167391,-0.23362115533978592,-0.4799369462992234,-0.4373817764702324,-0.6904990329398959,-0.8165707215444635,,
China,,,,,,,1.9220897728646347,1.8342433528210267,1.7516913295439671,1.5712884989604958,1.4775808177517755,1.4114723170040484,1.3744642233581246,,
Colombia,,,,,,,-0.4861234700332945,-0.5720220724568801,-0.7456404829947096,-0.7029606743102099,-0.7562434929861358,-0.8035713558654424,-0.8764936071577333,,
Croatia,,,,,,-0.25253010255761116,-0.6427950914641724,-0.9639490932010716,-1.1596341799582695,-0.9532897812057187,-1.273448202954567,-1.5352737680938144,,,
Cyprus (G),,,,,,,0.43205625962397354,0.5776630374595705,0.27238246113413894,0.20524408150308948,0.17737521053375252,0.30068784209835164,0.5242830655143315,,
Cyprus (T),,,,,,,,,,,0.5562360735902337,0.28811864136002513,,,
Czech Rep.,,,,,,-1.010935550998271,-1.0538692396559124,-1.2489896953514976,-1.2441408516532573,-1.1268620009269872,-1.0687553974895188,-0.8896540105029854,,,
Denmark,,,,,,,0.46975224195005466,0.63225716714628,0.45193442577809473,0.5945095785892855,0.7181594041676319,0.7554462348808475,,,
Dominican Rep.,,,,,,,,,,-1.5573596457984706,-1.4756532103795,,,,
Ecuador,,,,,,,,-0.27042860626646803,-0.2903954202753021,-0.5874622257134027,-0.8510465874935026,-0.39995735279092776,-0.38888845114579396,,
Egypt,,,,,,,0.4351516205395088,0.2673377655172501,0.3238996409417544,0.2557490680368355,0.27561271436944645,0.2773188471036021,0.2513376567644832,,
El Salvador,,,,,,,-0.5961179851639353,-0.6502356334816656,-1.0807404537847956,-0.8126554861671671,-0.8091100971334275,-0.49770596743871,,,
Estonia,,,,,,0.06038325788336494,0.14256395668601834,-0.15872955169745714,-0.1961500410010046,-0.2125271768229892,-0.07915699914885004,-0.3263595979622888,-0.2636784562876366,,
Ethiopia,,,,,,,,,,0.011663674295017142,-0.36865176244427744,-1.1998351897317643,,,
Finland,,,,,,0.4074155602610044,0.4481557322456096,0.16303351903574714,-0.09565548942422517,0.009130770928670541,0.2629886655081136,0.1541613436854627,,,
France,,,,,,-0.02171480390737955,-0.11177346769057883,-0.34522202967409055,-0.4047666898016182,-0.34641894536245815,-0.38966524378572803,-0.44869433612865145,,,
Georgia,,,,,,0.03332340049490478,0.06648980770304082,-0.07439464561416212,-0.43053257031131215,-0.6538306639049621,-0.5931498300297426,-0.5920630885777748,-0.7362713399711441,,
Germany,,,,,-0.031172025584105232,-0.05360902111867092,-0.18318281221650093,-0.3918274522996442,-0.6368257008476073,-0.5580180014791063,-0.4743743406370249,-0.6686917329255067,-0.7172889595094754,,
Ghana,,,,,,,,1.1370864589105572,1.2200706848616192,1.292648461930469,1.3703062770751913,1.153694124197595,1.4436546317005918,,
Great Britain,,,,,,-0.17689442714225878,-0.23910653278993357,-0.40009235461381387,-0.45833539148716584,-0.4409452502726625,-0.3088102618845801,-0.27861752790973177,,,
Greece,,,,,,,-0.4814420255235258,-0.9666308062274612,-1.224673267655521,-1.4772593471727735,-1.4984930892006845,-1.5416456822899742,,,
Guatemala,,,,,,,,,-1.392428262449924,-1.5776919132897056,-1.6048109813878035,-1.2013533457835273,,,
Hong Kong,,,,,,,0.8730652124267884,0.8219804289704004,0.6039447506786172,0.6133914022667958,0.39058881968670756,0.2518491647799847,0.08167487927943715,,
Hungary,,,,,,-0.685604222210337,-0.8464627923899055,-0.8888770993633675,-1.235366482286846,-1.04677646411692,-1.092935674128277,-1.191300750131037,,,
Iceland,,,,,,,0.14029103387895156,0.11678639562870997,0.10090295072087273,0.13838280047068627,0.14212400980796133,0.1775427221365547,,,
India,,,,,,,0.9934140853251062,0.8826971996453742,0.9350845288864503,0.9919497622140168,1.0512698615690537,1.1781037710422109,1.1940622412227544,,
Indonesia,,,,,,,,0.9725901447289809,0.8091454892168146,0.5844928640048641,0.22638636189776673,0.011506050568526357,,,
Iran,,,,,,,0.6806812567966717,0.6691659496453408,0.45854432014275154,0.3773804779506429,0.20123134924827604,0.24123197465379123,,,
Iraq,,,,,,,-0.5994662751906128,-0.5514426071303793,-0.5132258721303616,-0.39560365617675874,-0.3933665330333502,-0.3221580773710397,-0.2673148425969854,,
Ireland,,,,,,0.6592167692004415,0.3985630785283117,0.37789944606261183,0.19895824611178223,0.23718696816309812,-0.08763535726030963,-0.068192614232598,,,
Israel,,,,,,,-0.06721987682762157,-0.07658993625194851,-0.07362140873201867,-0.07572286765265009,-0.07578097127602346,-0.07430573477924508,,,
Italy,,,,,,0.1266406288041508,-0.15145437874278822,-0.23144905131043977,-0.5131529709929025,-0.566157555599129,-0.46196057472663726,-0.6714929659458059,,,
Japan,,,,,,0.4273183946998317,0.26164442620676387,-0.05183159327349379,-0.3062731228806392,-0.4787018586002157,-0.6187809504840154,-0.8880160532891135,,,
Jordan,,,,,,,,1.2238187163413041,1.4150309801342895,1.3910828832640845,1.2377185482072308,1.451072380218277,1.6216720672640228,,
Kazakhstan,,,,,,,,1.3223984633409147,1.0658675666938096,0.8581314835799523,1.007706321498486,0.919461265078168,1.2969417165867387,,
Kosovo,,,,,,,,2.1403656696193316,1.579495086749145,1.778768723673122,2.003970257831497,1.5553772835145576,,,
Kuwait,,,,,,,,,,0.8314659749345998,0.5707431802399001,0.5142939939681894,0.6966869227257803,,
Kyrgyzstan,,,,,,,,-0.013422848984818464,-0.15958029754883543,0.16317995480888228,-0.015453715390766,-0.11346258486180234,-0.07704834552184486,,
Latvia,,,,,,-0.4578804192454382,-0.535691384640921,-0.8737059481422431,-0.9071311058738176,-0.9541342545009612,-0.8611828985129394,-0.8235308424011546,,,
Lebanon,,,,,,,,,-0.642841344040093,-1.097414668785892,-0.530840567402208,-0.8698022966515044,-0.7013471783093408,,
Libya,,,,,,,,,-0.4890239533291979,-0.6246615898685385,-0.7654734420548805,-0.943399811577773,-0.8972034961725457,,
Lithuania,,,,,,-0.3253935912680295,-0.35690001609742195,-0.6214074995407416,-0.7740368360675948,-0.7402820193474786,-0.7324402727898732,-0.8010311876445726,,,
Luxembourg,,,,,,,0.6153082148813336,0.46565654304070125,0.29947535450933654,0.32575852746224754,0.3997695468101171,0.4706647355788482,,,
Macedonia,,,,,,,-0.8039670131933148,-1.092993885389977,-1.3008014520087867,-1.3160538494249365,-1.3450010840153122,-1.4159627580947973,,,
Malaysia,,,,,,,,,1.9460874688721501,1.9720144929931205,1.862556178355607,1.5187957614799574,1.9885071535342105,,
Mali,,,,,,,,1.3238903466417093,1.4412709576100493,1.304911902993351,1.4018148205694683,1.2667556054968714,,,
Malta,,,,,,0.9057952052978415,0.9203845108921819,0.5598263523572162,0.2514126979190817,-0.051941626319210704,0.23747194768037377,-0.05661201376334398,,,
Mexico,,,,,,,-1.0364215212541577,-0.9969601659931469,-0.8358521237053617,-0.8351456152337317,-0.8950070967055569,-0.7694412773725628,-0.8371633348323607,,
Moldova,,,,,,-0.3155721168378902,-0.2867418968361145,-0.5015141862137442,-0.6402936494845124,-0.7203259747111288,-0.9715376327528364,-0.7408293515829883,,,
Morocco,,,,,,,,0.548405563250187,0.5055500584644573,0.4588114921120718,0.0016881248418040302,-0.16056776934821884,,,
Netherlands,,,,,,-0.26885375520459165,-0.22628990810819447,-0.3008783812205078,-0.34077115907231637,-0.27846135818547413,-0.06907874239005571,0.029905005652805544,,,
New Zealand,,,,,,0.01716836536350925,-0.05845750681730734,-0.22592041086174766,-0.3747478422175485,-0.3372752471394135,-0.5018285942903079,-0.6011119318772074,,,
Nigeria,,,,,,,,0.3684717473995553,0.3326262630739263,0.4585447463111321,0.43977101030910454,0.4470435205200788,0.4169278848105372,,
North Ireland,,,,,,-0.14971906809063776,-0.27574493688659607,-0.39651126851692653,-0.4947760621155517,-0.5214248683298086,-0.5259185520877754,,,,
Norway,,,,,,0.572952427415414,0.5969274023404761,0.545021276576554,0.7268895549747038,0.8667294409004542,0.8320612499092813,0.7811799135133983,,,
Pakistan,,,,,,,,0.07868121565219773,-0.044303702914341256,0.05357257146874855,0.012588622932627837,0.1423037930281197,0.16963576857710133,,
Palestine,,,,,,,,,,-0.5759333714153955,-0.6056484602720918,-0.5287899128816564,-0.45790698663449636,,
Peru,,,,,,,,-1.8780255777232635,-1.7036026433349332,-1.791762449248213,-1.7469796612609834,-1.7259696910538929,-1.5110767664573854,,
Philippines,,,,,,,0.8744562608417885,1.0843232370250258,1.1379702942970726,1.2420556538845786,1.3945524670920848,1.4403436333671444,1.6002467226478265,,
Poland,,,,,,-0.3424365800503985,-0.3280821331446027,-0.6910772934798856,-0.841774080813422,-0.8181757466186921,-0.8855524841448138,-0.9936940750212785,-1.1707911932359456,,
Portugal,,,,,,0.15975719092246443,0.14738899568875924,0.06287753557673542,-0.03920526371881285,0.15714023904072805,0.09225380429516808,0.16945602190715342,,,
Puerto Rico,,,,,,0.808847189371081,0.5827813180585286,0.1430662165697858,-0.15822689547829963,-0.07257918350471908,-0.5470158126596503,,,,
Qatar,,,,,,,,,2.3948524348718023,2.2103302902916266,2.101964746969813,2.2610751949200285,2.334881225659923,,
Romania,,,,,,-0.36725360930525325,-0.5599356573052466,-0.6063466107965579,-0.9142179315059101,-0.9819371701872136,-1.0505109965500805,-0.990971851843292,-0.9900203185272682,,
Russia,,,,,-0.2559194672584837,-0.3612563468012198,-0.3260745990679155,-0.8442067369845205,-0.8165210153072323,-0.9172802515929801,-0.7323635698987566,-0.8131350276697952,-1.0251371999414851,,
Rwanda,,,,,,,,,1.0075486840277812,1.072073045585379,1.1390647464271466,0.9605027398629026,1.2441717087980082,,
Saudi Arabia,,,,,,,,,0.3190559145228696,0.43498357771530594,0.39889885094165595,0.4323464619859232,,,
Serbia and Montenegro,,,,,,-0.22370641649950126,-0.5292823957100717,-0.7835137673727489,-1.1595718222886222,-1.2958003649404473,-1.3341185922173864,-1.5514736762230144,,,
Singapore,,,,,,,,0.9142414096836124,0.9575793271811829,0.8712066914272892,0.8804548960223461,0.8099971468729972,0.9686147765191251,,
Slovakia,,,,,,-0.04786143269086348,-0.2844925561380746,-0.20275052942968208,-0.25914270533375605,-0.23024762864321538,-0.22822312675632203,-0.31124891135054294,,,
Slovenia,,,,,,-0.7538031681146272,-0.7080255264667014,-0.803789304653026,-0.9761799028229822,-1.1095311586203036,-1.149012186090486,-1.1143841222419049,,,
South Africa,,,,,,,0.27009425745653237,0.37058581326884243,0.5483099358124741,0.5951803465872662,0.8194112791376402,0.8398891151584285,1.0792030773873138,,
South Korea,,,,,,,0.5210074409541773,0.3382859861170514,0.13688062037566348,-0.06859565086476242,-0.43873734285393967,-0.48813851321828544,,,
Spain,,,,,0.18362520346901628,-0.04958283122532712,-0.02001732477094177,-0.20218172915729493,-0.3678178250974463,-0.624003561902509,-0.7365246248253687,-0.8564950368043645,-0.8712798687226581,,
Sweden,,,,,,0.4280034287728137,0.4341100552644975,0.3243312418987478,0.23856897049312667,0.428293698382811,0.4158240448656782,0.1444852905703939,0.19733612398899236,,
Switzerland,,,,,,0.3631912184473842,0.031007074684621962,0.08512273748803324,0.0036269174306670024,-0.0634695794814827,0.23609452938396508,-0.09997683641129435,,,
Taiwan,,,,,,,-0.09625072485786175,-0.5761433305340261,-0.6232610777883085,-0.592175256721049,-0.7999059636845088,-0.5829753868293525,-0.4418360818626669,,
Tanzania,,,,,,,,2.8616819522625425,2.6429471869226733,2.2985846053019117,2.352118313582993,2.788965340169486,,,
Thailand,,,,,,,0.49975080274756617,0.4665094023159313,0.322857133845329,0.1932954718950643,0.18017464320645238,0.06728045917117653,,,
Trinidad and Tobago,,,,,,,,-0.9427211137806699,-0.6561309326823683,-0.9951223426356776,-0.973759923173695,-1.033582482758703,,,
Tunisia,,,,,,,,-0.8091386607993282,-0.7575820547705746,-1.0823262409048142,-1.4744002827126634,-1.9403389866121799,-1.6420926761424641,,
Turkey,,,,,,,1.1231342548266658,0.9398698809247023,0.7244062116499653,0.5690177241262119,0.5083723566185246,0.3119429234384299,0.029931050551172553,,
Uganda,,,,,,,,,2.112194347078015,2.059689515685701,1.7525101234169738,1.5710120772121074,,,
Ukraine,,,,,-0.3503681989655867,-0.4445739923274871,-0.5258611189746997,-0.8103977080724288,-1.010760818867338,-1.0058324885786323,-1.114633973668636,-1.1489595402908712,-1.137987649594614,,
United States,,,,,0.048765481507688495,0.012335578841886907,0.0932746496394686,-0.19609766383717517,-0.2892563022381696,-0.2488704185815663,-0.23899393493132232,-0.21784778702217067,-0.32377073740308254,,
Uruguay,,,,,,0.1284581947407906,-0.06599856506192744,-0.21664240283631397,-0.479861244642062,-0.6380846917232502,-0.7320958480309957,-1.0039558478536068,-1.2764958752176352,,
Uzbekistan,,,,,,,,,3.664955734732753,4.068556430616193,3.8709796075760097,3.813709803499703,3.7967896874168714,,
Venezuela,,,,,,,-0.4807406731267905,-0.4113139601441036,-0.7923644281261569,-0.6616312287142819,-0.7124229396717885,-0.6810837548852198,,,
Viet Nam,,,,,,,4.188503460368226,4.117152565000535,4.16564759869886,4.163354883812287,3.8445354881004388,3.888655846149902,,,
Yemen,,,,,,,,,,-1.4705604122632832,-1.8046987977931657,-1.67450801052763,-1.3301721492447176,,
Zambia,,,,,,,,,0.15259164135881523,0.16484676496922326,-0.07348868020677035,-0.1377870257834075,-0.056317184448783086,,
Zimbabwe,,,,,,,,0.8851960598176972,0.7789804925668452,0.7372841852183618,0.6478808495335866,0.5210653529879119,0.5217289451277198,,
