,1870.0,1880.0,1890.0,1900.0,1910.0,1920.0,1930.0,1940.0,1950.0,1960.0,1970.0,1980.0,1990.0,2000.0,2010.0
Albania,,,,,,,-1.327208798006102,-1.274123625894832,-0.9823837553799516,-0.9385527268170033,-0.6459369875551052,-0.6642933256269541,,,
Algeria,,,,,,,,-1.241423930566167,-1.1187425921319907,-0.9215467621266947,-0.9736812039107692,-0.9887351984443277,-0.7446644158075609,,
Andorra,,,,,,,,2.1156652223481665,2.3324879188524807,1.954216319036505,2.0648840360393192,1.4266490473314373,,,
Argentina,,,,,,0.921624661921308,1.0404798521427439,1.206633359215208,1.3741033417679234,1.5955293056545992,1.8202590171890771,1.7661004742168198,1.977485274489877,,
Armenia,,,,,,,-1.6186657255904229,-1.6272032416916142,-1.48940484464342,-1.2832117844467306,-1.1131407162173814,-1.0263055887967798,,,
Australia,,,,,,0.9441160974218195,0.9602002613856497,1.2650261436099066,1.4438349823917898,1.3820916115743715,1.66235050785949,1.617270101584881,,,
Austria,,,,,,0.44169272872411464,0.6387652432880553,0.8304832797837883,1.2046102582207396,1.1900540317228043,1.1902884832538507,1.3538472073959786,,,
Azerbaijan,,,,,,,-2.0894250025430985,-1.8842338187908665,-1.819558150997227,-1.5653814937751107,-1.5988623799959816,-1.3210983314669362,-1.4652505102470228,,
Bahrain,,,,,,,,,0.2943260540471107,0.3882444722616031,-0.15018419945606537,0.057152973761461896,-0.14646680236419904,,
Bangladesh,,,,,,,,-0.8006847100508936,-0.8529777684317145,-0.9065707939997493,-0.7260977116135774,,,,
Belarus,,,,,,-1.4565903935227251,-1.3416436184910487,-1.2507192760434502,-1.0255887183926344,-0.8479110364627654,-0.8832346478154937,-0.6319024458432941,-0.4231642186861134,,
Belgium,,,,,0.28646709759241845,0.525166982887191,0.7644293095401431,0.9956215775714915,1.192024097086291,1.36233889636819,1.316183918956951,1.6572484301501587,,,
Bosnia,,,,,,,-0.5540223316331249,-0.5148887053380775,-0.42058603531044664,-0.23799451918391965,-0.18213927405531916,-0.04737585224524812,,,
Brazil,,,,,,,0.8273241065499042,1.096346502402121,1.0265943034698344,1.1194991644890586,1.0901810731481651,1.1631693450000544,1.3726557678543512,,
Bulgaria,,,,,,-1.3208132348817538,-1.2919476943173098,-0.8541280408057668,-0.533695479167629,-0.4515536930175844,-0.2640737512358483,-0.08796872156026603,,,
Burkina Faso,,,,,,,,,-0.6961976888279857,-0.6455055893012983,-0.6039288044069123,-0.5777974465093904,,,
Canada,,,,,0.9462748438851852,1.0054488162341106,1.1124497228129397,1.5172912488168968,1.4972998216812048,1.4411746963090974,1.7235773446529865,1.5868550414733902,,,
Chile,,,,,,0.2377029694454824,0.2601500840201497,0.4634296165754908,0.6593045342935979,0.7659443112858462,0.771641754174485,0.9198957322881844,,,
China,,,,,,,-1.0306015856572806,-0.8952065831677211,-0.8983480177676961,-0.8940778331814174,-0.7383663984963016,-0.6872423337614885,-0.6024663605191346,,
Colombia,,,,,,,0.6626232438072405,0.7659408463358596,0.775967184134764,0.8274537687988367,1.049328329003406,1.0793987169118673,1.0342134357157444,,
Croatia,,,,,,,-0.34863375935144775,-0.2509588184745097,0.21136652393066915,0.13210173793895966,0.3625584928512769,0.5003136082682906,,,
Cyprus (G),,,,,,,-0.26439446130748745,-0.08876798371396959,0.450455498306148,0.06769767337664427,0.40570547087283804,0.32382100887286325,,,
Cyprus (T),,,,,,,,,,,-0.3053396497185866,-0.17512051069440204,,,
Czech Rep.,,,,,-0.6201079783420989,-0.4358813193029393,-0.32599723378085826,-0.029093921565841015,0.207712271835549,0.3439395651597872,0.47149628610652056,0.6741967622154591,,,
Denmark,,,,,,,1.549614634277305,1.9901442326707384,1.965231551332766,1.9946251550134098,1.9371576216557067,1.9489625433220228,,,
Dominican Rep.,,,,,,,,,,0.12843772742239093,0.7331771984720545,,,,
Ecuador,,,,,,,,,-0.2676589054105148,0.046839216540466584,0.28464171463867594,0.32837708222926587,-0.004288507779040468,,
Egypt,,,,,,,-0.9984728103120444,-1.1358563538280542,-0.7805080494757969,-1.0111201160196812,-0.9276440214685135,-1.0025427978689512,-0.8542095523471749,,
El Salvador,,,,,,,-0.5302313359467862,-0.3589451670204621,-0.3166186891444223,-0.17690508359364654,-0.2620652324937943,,,,
Estonia,,,,,,-1.2193624091421915,-1.0095346495005977,-0.795875920970083,-0.7440119907484691,-0.6106307832043626,-0.1901941005784878,-0.06891885149227686,0.008497344438133568,,
Ethiopia,,,,,,,,,,-0.6661170085746095,-0.5367765203411985,-0.44317204438664165,,,
Finland,,,,,,,1.0371308897183737,1.0675560101639698,1.1972457245799693,1.1325850159009094,1.0833970628744776,1.115538195830568,,,
France,,,,,,0.5502781160216662,0.5733086713126375,0.9001635267901973,1.1659834996989078,1.3474293175572043,1.521687644552851,1.6734369010587602,,,
Georgia,,,,,,-1.8535817775620582,-1.7222125795183092,-1.479162381817837,-1.3877279993550473,-1.2445250739990432,-1.0527080467239236,-0.8841490463344778,-0.7024418655906268,,
Germany,,,,,0.3427219634016102,0.4478663668260689,0.5808844232520444,0.943408648610054,0.9305522865894424,1.1548123495988138,1.1490602868560074,1.2760994373783296,1.5123261915799198,,
Ghana,,,,,,,,,-0.7507940669161067,-0.7882269856953285,-0.6214723127533799,-0.6719792955979637,-0.6241805196505766,,
Great Britain,,,,,0.33750577823616895,0.4098278132289787,1.027577574645884,0.9912427413151859,1.4153269937946442,1.2789596303064021,1.4882079764921825,1.4910206033076148,,,
Greece,,,,,,,-0.2468883888115437,0.42705031211531225,0.6932256551396184,0.8176871861002077,1.054894886324436,1.090175603072711,,,
Guatemala,,,,,,,,,0.9765297510874081,1.133457332388748,1.0975058995367342,1.1585722086872134,,,
Hong Kong,,,,,,,-1.022046394311816,-0.8924555755477726,-0.46861667566790877,-0.14241750045497728,-0.13270662727185206,0.19534251381459047,0.47611464636478174,,
Hungary,,,,,,-0.7640985647755059,-0.6157905076321958,-0.4482856643330105,-0.16521192462879492,-0.11319098870183716,0.16210903588023645,0.2914884953413651,,,
Iceland,,,,,,,,1.5676603981270805,1.7593531094533494,1.883156332288076,1.9632430400481213,1.98396767472163,,,
India,,,,,,-0.9491061219371706,-1.0606044141002287,-1.0130024383112495,-0.9138701689708878,-1.0226412665086417,-1.0605103846087087,-0.9612312430877021,-0.9690956126112318,,
Indonesia,,,,,,,,-0.6280447233762448,-0.7858331671659291,-0.8055257625830391,-0.8794219567633778,-0.7585386990321381,,,
Iran,,,,,,,-0.43781692131904915,-0.5803349351433602,-0.47062780532052123,-0.3868612494161688,-0.45771943257943015,-0.46199880424886053,,,
Iraq,,,,,,,,-1.0768513510576765,-0.9743655817050155,-0.8440016260559281,-0.8771052021186093,-0.7967811539406461,-0.7675029741682199,,
Ireland,,,,,,0.47638963623709135,0.6343993748612449,0.8510826892762531,1.0646346923218821,1.2097690220068134,1.4873403267494507,1.5544269955720398,,,
Israel,,,,,,,0.03181899342402821,0.5290404495545105,0.22231208269673783,0.4539724827158288,0.46387241605482643,0.12126182588557063,,,
Italy,,,,,,-0.1588146270546703,0.2605199516959963,0.6309910423460274,0.983550194126206,1.0162183642813407,0.9669672111291724,1.3010671715182522,,,
Japan,,,,,,,-0.345837688443151,-0.10535675014898545,0.06938590166288093,0.21279667518381337,0.31264462113979646,0.5467429587189101,,,
Jordan,,,,,,,,-1.992875714040235,-1.78172853430478,-1.5295194091315065,-1.5903228135320782,-1.486590407879613,-1.3557458767742312,,
Kazakhstan,,,,,,,,-1.2429361999833992,-0.9342137550753042,-0.8675550148536125,-0.7014084327824188,-0.7681670478787958,-0.7164454069477909,,
Kosovo,,,,,,,,-0.5449652158533158,-0.842577740436565,-0.10568706679332202,-0.6202818693713771,-0.8068505919614967,,,
Kuwait,,,,,,,,,,-0.8171422393644291,-0.5673473792329198,-0.8205914347106933,-0.634612952889752,,
Kyrgyzstan,,,,,,,,,-1.185845569799644,-1.1381965766944677,-1.112018551670901,-0.7554951614061128,-0.7647418994833044,,
Latvia,,,,,,-0.8103834944185868,-0.5887750240981673,-0.8439717715369793,-0.7401435095214699,-0.5220813033896805,-0.6237392498796804,-0.49466283699367664,,,
Lebanon,,,,,,,,,-1.2499682767633395,-0.5008909067935096,-1.1823922819596915,-0.8969570730881088,-0.9316366646894808,,
Libya,,,,,,,,,-1.4025002439547323,-1.3440808457497377,-1.6127788778342658,-1.3998532800495276,-1.4726617836302827,,
Lithuania,,,,,,-1.5339323840800676,-1.3511303082942743,-1.3358075312335098,-0.9769595258133759,-0.9423386031785339,-0.8733752403063793,-0.6935656420299654,,,
Luxembourg,,,,,,,1.153214122605791,1.1746498518517903,1.2443268814306307,1.5810436655919469,1.5737375851270285,1.1668301015692601,,,
Macedonia,,,,,,,-0.47972405717256167,-0.7454263857749306,-0.43866861020152903,-0.5290936515986948,-0.28329497473285364,-0.1849884507784681,,,
Malaysia,,,,,,,,,-1.3742924782778294,-1.0745881834524185,-1.0758802142490351,-0.9683439829040409,-0.864037688901657,,
Mali,,,,,,,,-0.9792445078164469,-0.901227016598286,-0.9692688930271869,-0.5104797683334201,-0.49105493428330727,,,
Malta,,,,,,,-0.2254351769695987,-0.02060901853581403,0.43788361637494766,0.5666847286833739,0.7737574634673648,1.049198843309592,,,
Mexico,,,,,,,0.07655932099767264,0.21588638642751112,0.4596841616565284,0.5874976448019598,0.5859087009978043,0.7090091973258089,0.8201948064384893,,
Moldova,,,,,,,-1.278981892239087,-1.2719770612382413,-1.385573490632074,-1.2412741462489474,-1.026879133344353,-0.9663709392597611,,,
Morocco,,,,,,,,-0.6384070569464236,-0.6338131968813706,-0.7343335774772585,-0.5767339794797751,-0.5868383809092439,,,
Netherlands,,,,,,1.0642050394956653,1.1933881636333004,1.3972501203628214,1.668856367921235,1.5642641453653636,1.7967476884629343,1.9370189257204007,,,
New Zealand,,,,,,1.3028390504246228,1.2620980797100194,1.5165035133013027,1.6591958672040423,1.5545978315491746,1.4050486363122803,,,,
Nigeria,,,,,,,,-1.0068608023544525,-0.930597663615477,-1.0011403172218216,-0.8673482147627022,-0.9028616940686314,-0.8808754755206443,,
North Ireland,,,,,,,0.640266983900736,0.5715844597276002,1.2543993243219898,0.9395119596925803,1.2692577578457571,,,,
Norway,,,,,,0.8528316666547753,1.257058965083862,1.4826354678143743,1.7275582528168898,1.6938006935028311,1.92232474455969,2.170494044423107,,,
Pakistan,,,,,,,,-0.08107572329302358,-0.10224132157546353,0.06169897993355062,0.136400553684673,0.2880859807895504,0.32420936472719053,,
Palestine,,,,,,,,,,-1.5047496235692008,-1.4913446691728809,-1.3084168469364788,-1.5802643804948522,,
Peru,,,,,,,,0.2174327261261433,0.18089313137089635,0.3770914535204504,0.4070901209586642,0.4952559421830429,0.5619686253161057,,
Philippines,,,,,,,,-0.7509657051266933,-0.48364052123055706,-0.6845808434468769,-0.4130226005177831,-0.3703835782774915,,,
Poland,,,,,,-0.6263923113572534,-0.48450432305578983,-0.25698661353449875,-0.06545047313676167,0.20398517071910088,0.4185432291404419,0.6384876393255974,,,
Portugal,,,,,,0.07928605479420014,0.1850269209786718,0.46644272313911,0.5457195893241293,0.7460647200630695,1.166218127015695,1.3118324990080736,,,
Puerto Rico,,,,,,1.0385197599604958,1.0409248870154726,1.1002404983032044,1.2552314859570868,1.3092072762590483,1.2475187448567047,,,,
Qatar,,,,,,,,,-0.6818881351223641,-0.9638664871195884,-0.9553140542336628,-0.7508264643574906,,,
Romania,,,,,,-1.0005048568285206,-1.115466981267668,-0.8226262781730908,-0.759931663075203,-0.3394846153950782,-0.06819376199587901,-0.06156629516208794,,,
Russia,,,,,-1.2909015334058558,-1.203694577365032,-1.3038461475101435,-1.0078526540169517,-0.9195050676712475,-0.8704884308903138,-0.7507899723457595,-0.6406053692522944,-0.6282476784082274,,
Rwanda,,,,,,,,,-0.5472609912228035,-0.622515462734515,-0.4760280418840639,-0.43775853637041795,-0.451798685452387,,
Saudi Arabia,,,,,,,,,-0.8363705404960685,-0.8597616727394498,-0.9447449598593819,-1.0355635136282502,,,
Serbia and Montenegro,,,,,,-1.0326793857085426,-1.0137391859012568,-0.7993415949757954,-0.57949635739407,-0.35587501943459127,0.01567559968764234,0.0036941302472031554,,,
Singapore,,,,,,,,-0.35131023021745067,-0.20910782770331346,-0.16942048352696085,0.19676727814493972,-0.08812481556242949,0.34664567194559337,,
Slovakia,,,,,,-0.8373915322465357,-0.49036064304236526,-0.602465246171628,-0.21674029586499424,-0.07086324601750753,0.23376761874817897,0.24979086124420516,,,
Slovenia,,,,,,-0.23494345798586141,-0.2737609845156744,0.17280799495085492,0.3502077389052317,0.6625231014654065,0.7611441263888862,0.8205365263297298,,,
South Africa,,,,,,-0.06121844519891816,-0.04578998004027048,-0.0537500574710228,-0.047465465016290835,-0.04887594773687879,-0.056121188288712494,0.016794680769193736,-0.04642379033504355,,
South Korea,,,,,,,-1.3244044446312253,-1.157056153274318,-0.9469987796588207,-0.7413489056991992,-0.5713615409362194,-0.44025032029179517,,,
Spain,,,,,0.5500267711501226,0.6798506290997272,0.8150467098155403,1.1831170012646635,1.35136682409981,1.467344750871977,1.5770894013156458,1.7624228210508561,,,
Sweden,,,,,,1.6460714096057925,1.6484247989940306,1.749095464169219,1.9288361308135762,1.7970729103894216,1.9466012963340888,1.9557195959918015,1.9969362084312166,,
Switzerland,,,,,1.228575874869677,1.227471019601566,1.260760246767073,1.6141583321852138,1.6449451512009374,1.7543764220489255,1.8562926319887094,1.8384721025386481,,,
Taiwan,,,,,,,,-1.2898449056691195,-0.6480672119955951,-0.2200010517499286,0.13394878783350586,0.40727579828808774,0.864215938723266,,
Tanzania,,,,,,,,-0.9815566225097254,-0.5667558745622636,-0.8599438110606072,-0.8446976404642769,-0.9391421984497865,,,
Thailand,,,,,,,-1.4094899963290217,-1.226830119058093,-0.9785240016333427,-0.8794059311665483,-0.6521036600441021,-0.6876979356488255,,,
Trinidad and Tobago,,,,,,,,0.5001699686515786,0.530162876281558,0.8407800682483924,0.5017087546351522,0.6269888079540901,,,
Tunisia,,,,,,,,-0.8146653073888395,-0.8541477022929941,-0.4661907228197424,-0.41279955636190657,-0.31048296581267515,-0.23337398473465173,,
Turkey,,,,,,,-1.658824851310984,-1.4867972995670085,-1.2845579582602071,-1.3084674788044357,-1.1093001336809383,-0.9391103540635193,-0.7889504413795889,,
Uganda,,,,,,,,,,-0.5598595435356727,-0.6049437776317101,-0.6840701475369064,,,
Ukraine,,,,,,-1.38645482498175,-1.1802947565811934,-1.1822989439056353,-1.023486364109397,-0.6985502933154933,-0.5339614372787601,-0.5135640418027417,,,
United States,,,,,0.5202746991685844,0.7393647446678863,0.7092206800594084,1.0327723022844018,0.9842411528721415,0.9178291605371547,1.205982255287095,1.19544729105259,1.298647207929737,,
Uruguay,,,,,,1.128521587512084,1.4140340100829067,1.517461286806161,1.4267037563365657,1.6524610401445603,1.6851519552349699,1.9018902299778164,,,
Uzbekistan,,,,,,,,,-0.7786937067265809,-0.7991424469173053,-0.7563027184774049,-0.6786195430459832,-0.5749766978605808,,
Venezuela,,,,,,,,-0.1336793502620388,0.25425403754094933,0.32086223663979335,0.2030992836046825,0.23332998157402673,,,
Viet Nam,,,,,,,-0.7955483931823408,-0.7165296745600823,-0.6892465915273628,-0.6216768344877792,-0.3243000365322459,-0.5911827736452733,,,
Yemen,,,,,,,,,,-0.7804876379669792,-0.8389463814683407,-1.4508916249288466,-0.9530026918152557,,
Zambia,,,,,,,,,,-0.9687971355649588,-0.8622845041356924,-0.6406639095374409,-0.8338220151815721,,
Zimbabwe,,,,,,,,,-0.3407583600779594,-0.5555202374291529,-0.5098342917104401,-0.31050744668508523,-0.3468131263331606,,
