,1870,1880,1890,1900,1910,1920,1930,1940,1950,1960,1970,1980,1990,2000,2010
Albania,,,,-0.2108266252861745,-0.22745762490828264,-1.178388318174305,-0.7676174460822633,-1.1439180352015461,-1.3722836598960728,-1.3722836598960728,-1.3722836598960728,-0.5866484604752801,0.6801344387736029,1.1612821386016936,
Algeria,,,,,,,,,-1.2639777963039438,-1.3534925681366172,-1.3722836598960728,-0.9629490495945626,-0.4674387318611559,0.1357912201621214,
Andorra,,,,,,,,,,,,,,,
Argentina,-0.2519994632814141,0.06397813063554096,0.06397813063554096,0.10419346077042607,0.20329552431710732,-0.38269928621979094,-0.2807246990920464,-1.1424817734110146,-0.5277617270634837,-0.8078327762171484,-0.5148353709486992,0.8510495918468649,1.0047296034337474,1.0827664940526318,
Armenia,,,,,-1.094313265742165,-1.2203191832256584,-1.3636660891528831,-1.3119606646937447,-1.1022664432761293,-1.08503130178975,-1.0835950399992182,0.3739371037159822,0.4219264857646973,0.6384828468481861,
Australia,,,1.3566137421139928,1.3566137421139928,1.3566137421139928,1.3566137421139928,1.3566137421139928,1.3566137421139928,1.3566137421139928,1.3566137421139928,1.3566137421139928,1.3566137421139928,1.3566137421139928,1.3566137421139928,
Austria,-0.6541527646302658,-0.6541527646302658,-0.6541527646302658,-0.6484077174681394,0.2880349699584725,0.6384828468481861,-0.2376368453760979,1.0980866198183024,1.3566137421139928,1.3566137421139928,1.3566137421139928,1.3566137421139928,1.3566137421139928,1.3566137421139928,
Azerbaijan,,,,,-1.094313265742165,-1.2203191832256584,-1.3636660891528831,-1.3119606646937447,-1.1022664432761293,-1.08503130178975,-1.0835950399992182,-0.5699775646923237,-0.9535335556344111,-1.08503130178975,
Bahrain,,,,,,,,,,-1.4026759852850006,-1.4761732627445256,-1.4857483413480703,-1.288980476045239,-1.1954638750172915,
Bangladesh,,,,,,,-0.4387134960505238,0.3501931885598128,-0.07964804841762049,0.20729653930501696,-0.7042224464946318,-0.27641591372045143,0.7146047217463617,0.31835605220302887,
Belarus,,,,,-1.094313265742165,-1.2203191832256584,-1.3636660891528831,-1.3119606646937447,-1.1022664432761293,-1.08503130178975,-1.0835950399992182,0.31496487853094024,-0.7331471631095048,-1.08503130178975,
Belgium,0.7821090259013472,0.7821090259013472,0.7821090259013472,0.8074829842007395,1.0789364626112143,1.2776193436347538,1.3566137421139928,1.3566137421139928,1.3566137421139928,1.3566137421139928,1.3566137421139928,1.3566137421139928,1.3479961713708033,1.1497920442774408,
Bosnia,,,,,-0.0796480484176205,-0.8352813348806414,-0.6211187434480386,-0.9600765260134996,-1.08503130178975,-1.08503130178975,-0.9557677406419045,-0.29508731699736246,-0.02071001994187681,0.9257352049545086,
Brazil,-0.941405122736588,-0.7044219272988721,-0.5105265855771043,-0.5105265855771043,-0.5105265855771043,-0.6886230476030245,-0.9126798869259563,0.35841179769452153,0.4029359132010016,-1.0304533537495488,-0.5406880831782683,0.797907905597195,1.0693613840076701,1.0693613840076701,
Bulgaria,-0.6510750607934124,-0.8035239908455536,-1.314833188274808,-1.3547293491229084,-0.7395305488452008,-0.6397901467249497,-1.1855696271269627,-0.9988555943578533,-1.08503130178975,-1.08503130178975,-1.08503130178975,-0.11555459318091091,1.121066808466808,1.2115513012703,
Burkina Faso,,,,,,,,,-1.08503130178975,-0.8494843681425652,-0.5449968685498631,-0.9773116674998787,-0.4774925643948774,-0.003526173519444982,
Canada,0.5020379767476829,0.954460440765141,1.2129875630608318,1.2129875630608318,1.2646929875199697,1.355177480323461,1.3566137421139928,1.3566137421139928,1.3566137421139928,1.3566137421139928,1.3566137421139928,1.3566137421139928,1.3566137421139928,1.3566137421139928,
Chile,0.31101515860697826,0.4316611490116337,0.3541030123229265,0.3512304887418633,0.25787347235730856,-0.2232742274707818,0.1214286022568053,0.2506921634046504,0.5953949931322376,0.3756469391809009,-0.9356600755744617,0.22053066580348665,1.1426107353247827,1.326452244512829,
China,-0.941405122736588,-0.941405122736588,-0.941405122736588,-0.7589998753390735,-0.743200995643226,-0.797778943683427,-0.797778943683427,-1.0741054531689198,-1.2372750515861004,-1.25451019307248,-1.1151927993909139,-1.08503130178975,-1.08503130178975,-1.08503130178975,
Colombia,0.9745681058325836,-0.1787501119643018,-0.42435087814520767,-0.7259658541568466,-0.797778943683427,-0.15146113794420116,0.62412022894287,-0.22901927463290828,0.4431512433358867,0.947279131812483,1.0549987661023537,1.0923415726561758,0.9673867968799258,0.9257352049545089,
Croatia,,,,,-0.0796480484176205,-0.8352813348806414,-0.6211187434480386,-0.9600765260134996,-1.08503130178975,-1.08503130178975,-0.9557677406419045,-0.6099706162167696,0.1854220442571584,1.1914436362028575,
Cyprus (G),,,,,,,,,0.697098539675173,0.6973695802599823,1.3135258883980443,1.3566137421139928,1.3566137421139928,1.3566137421139928,
Cyprus (T),,,,,,,,,,,,,,,
Czech Rep.,,,,0.9257352049545087,0.9257352049545089,0.9257352049545089,0.46900395556545577,-0.5133991091581677,-1.0749774692560286,-0.9945468089862581,-1.08503130178975,0.5149643328624673,1.3479961713708033,1.2431490606619955,
Denmark,-0.5105265855771043,-0.5105265855771043,-0.3424839560849057,0.5853411605985165,1.3063445794453863,1.3566137421139928,1.3566137421139928,1.3566137421139928,1.3566137421139928,1.3566137421139928,1.3566137421139928,1.3566137421139928,1.3566137421139928,1.3566137421139928,
Dominican Rep.,-0.5105265855771043,-0.5105265855771043,-0.5105265855771043,-0.5105265855771044,-0.5105265855771045,-0.8364212251905873,-1.3607935655718197,-1.3722836598960728,-0.8523568917236283,-0.38557180980085415,0.31676020576910485,0.7864178112729422,0.9932395091094945,1.0618609057682273,
Ecuador,-0.2232742274707818,-0.2232742274707818,-0.32668507638905797,-0.507654061996041,-0.4818013497664723,-0.2663620811867303,-0.21896544209918695,0.052488036311287886,0.061105607054477554,-0.1916764680790863,0.3095788968164466,1.1727722329259465,1.0076021270148108,0.6887520095167926,
Egypt,,,,,0.4860632282611578,-0.16829731782209956,-0.05810412155964619,-0.25774451044354046,-1.0505610188169912,-1.0764137310465602,-0.971566620337752,-0.941405122736588,-0.89831726902064,-0.5930318462109759,
El Salvador,-0.2232742274707818,-0.2232742274707818,-0.37408171547660124,-0.8983172690206397,-0.941405122736588,-1.0965213961140028,-1.344994685875972,-1.0778499928370917,-0.6340450995628232,-0.18449515912642828,-0.16151497047792243,0.7763639787392209,0.9242989431639772,1.0047296034337474,
Estonia,,,,1.0693613840076701,1.3040761977285942,1.0578712896834173,-0.6164451931772613,-1.2688728109777963,-1.1022664432761293,-1.08503130178975,-1.0835950399992182,0.4302248872211023,0.9905265701718241,1.2129875630608318,
Ethiopia,0.4948566677950248,0.4948566677950248,0.4948566677950248,0.4948566677950248,0.4948566677950248,-0.07051752703495533,-0.8530408259095958,-1.260574409521392,-1.3722836598960728,-1.2789266435115179,-1.0850313017897497,-0.7450289651948115,-0.016974806648968204,-0.4243508781452077,
Finland,,,,1.0693613840076701,1.2716463184106384,1.0076021270148108,0.6284290143144646,1.2704380346820958,1.3566137421139928,1.3566137421139928,1.3566137421139928,1.3566137421139928,1.3566137421139928,1.3566137421139928,
France,0.7792365023202843,0.9271714667450405,1.017655959548532,1.0693613840076701,1.148355782486909,1.2776193436347538,0.4101172221536594,0.9314802521166353,0.8970099691438765,0.8754660422859023,1.0779789547508596,1.1828260654596678,1.2129875630608318,1.2129875630608318,
Georgia,,,,,-1.094313265742165,-1.2203191832256584,-1.3636660891528831,-1.3119606646937447,-1.1022664432761293,-1.08503130178975,-1.0835950399992182,0.22141978024524422,0.6565159115515274,0.8231222792531947,
Germany,-0.6555890264207974,-0.33099386176065276,0.06397813063554096,0.14584505269584278,0.5494346158352259,0.3296865618838894,-1.2430200987482274,-0.007834958891039846,1.3566137421139928,1.3566137421139928,1.3566137421139928,1.3566137421139928,1.3566137421139928,1.3566137421139928,
Ghana,,,,,,,,,-1.2747723766041599,-0.8150140851698068,-0.5967022930090013,-0.7647449225012,0.3497942269513319,1.0348911010349113,
Great Britain,0.609757611037554,0.9257352049545089,0.9774406294136468,1.0679251222171382,1.1497920442774408,1.3479961713708033,1.3566137421139928,1.3566137421139928,1.3566137421139928,1.3566137421139928,1.3566137421139928,1.3566137421139928,1.3566137421139928,1.3566137421139928,
Greece,1.2776193436347538,1.3566137421139928,1.3566137421139928,1.2947005999292909,0.33233680685451306,0.7935991202256003,-0.1313534728767586,0.6269927525239333,0.44746002870748136,-0.36977293010500645,0.820888094245701,1.296290746911665,1.3566137421139928,1.3566137421139928,
Guatemala,-0.13422599645782185,0.17169776492541175,-0.6110649109143176,-1.3722836598960728,-0.8035239908455539,-0.37695423905766445,-1.054869804188586,0.07259570137873053,-0.6656428589545187,-0.10837328422825274,-0.5895209840563432,0.16020767060115892,0.9185538960018507,1.0693613840076701,
Hong Kong,,,,,,,,,,,,,,,
Hungary,-0.6541527646302658,-0.6541527646302658,-0.6541527646302658,-0.657025288211329,-0.5291979888540156,-0.2232742274707818,-0.2695537740545782,-0.8972001765168933,-1.08503130178975,-1.08503130178975,-1.0778499928370917,0.2363295454993344,1.3566137421139928,1.3566137421139928,
Iceland,,,,,,,,,,,,,,,
India,,,,,,,,1.2129875630608318,1.2129875630608318,1.1885711126217944,1.0722339075887333,1.0837240019129863,1.1914436362028575,1.2129875630608318,
Indonesia,,,,,,,-0.3070561652517926,0.015549890817496704,-0.5119628473676361,-1.0146544740537011,-1.08503130178975,-1.0821587782086866,0.010836444385871124,1.0613821518380502,
Iran,-1.5159098389492338,-1.5159098389492338,-1.4297341315173369,-0.3812630244292593,-0.29939610236895725,-1.0304533537495488,-0.8451755827709704,-0.4315321870978657,-1.3823374924297938,-1.5159098389492338,-1.0390709244927379,-0.8911359600679816,-0.20460282419387085,-0.891135960067982,
Iraq,,,,,-0.6541527646302658,-0.645535193887076,-0.5923935076374065,-0.6541527646302658,-0.7489460428053524,-0.9816204528714736,-1.2430200987482274,-1.3722836598960728,-1.3722836598960728,0.09106192439985128,
Ireland,,,,,1.0834675265932483,1.2168175945022492,1.0865965254940495,1.1497920442774408,1.3479961713708033,1.3566137421139928,1.3566137421139928,1.3566137421139928,1.3566137421139928,1.3566137421139928,
Israel,,,,,,,1.3566137421139928,1.3566137421139928,1.3523049567423981,1.2532028931957169,1.0578712896834173,0.7864178112729422,0.7821090259013472,0.7821090259013475,
Italy,-0.6541527646302658,-0.6541527646302658,-0.460257422908498,-0.2232742274707818,-0.35828283578075343,-1.1798245799648366,-1.0304533537495488,0.921426419582914,1.3566137421139928,1.3566137421139928,1.3566137421139928,1.3566137421139928,1.3566137421139928,1.3566137421139928,
Japan,0.06397813063554096,0.06397813063554096,0.06397813063554096,0.06397813063554096,0.06397813063554096,0.06397813063554096,0.06397813063554096,0.8395594975226119,1.3566137421139928,1.3566137421139928,1.3566137421139928,1.3566137421139928,1.3566137421139928,1.3566137421139928,
Jordan,,,,,,,-1.5159098389492338,-1.0906395621146827,-1.0721049456749654,-1.3938275867540466,-1.4800032941859436,-0.9112436251354247,-0.3798267626387276,-0.47031125544221924,
Kazakhstan,,,,,-1.094313265742165,-1.2203191832256584,-1.3636660891528831,-1.3119606646937447,-1.1022664432761293,-1.08503130178975,-1.0835950399992182,-0.6248803814708597,-0.7138374212590239,-0.9327875519933984,
Kosovo,,,,,,,,,,,,,1.0693613840076701,1.0693613840076701,
Kuwait,,,,,,,,,-1.2789266435115174,-1.3224590544483452,-1.3708473981055411,-1.306853956105188,-1.091095518238661,-1.08503130178975,
Kyrgyzstan,,,,,-1.094313265742165,-1.2203191832256584,-1.3636660891528831,-1.3119606646937447,-1.1022664432761293,-1.08503130178975,-1.0835950399992182,-0.6038836019616594,-0.4200420927736128,0.4246394247023682,
Latvia,,,,,0.9257352049545089,0.5810323752269216,-1.1316300176603311,-1.3119606646937447,-1.1022664432761293,-1.08503130178975,-1.0835950399992182,0.6600267737061604,1.0693613840076701,1.0693613840076701,
Lebanon,,,,,,,0.20760430968870208,0.20760430968870208,0.20760430968870208,0.3296865618838893,0.028071585872250476,-0.0796480484176205,0.7821090259013476,0.7821090259013475,
Libya,,,,,,,,-1.08503130178975,-1.08503130178975,-1.08503130178975,-1.08503130178975,-1.08503130178975,-1.08503130178975,-0.725327515583277,
Lithuania,,,,0.4948566677950248,0.4367678576001906,-0.7546910899674787,-1.3489273074452848,-1.3119606646937447,-1.1022664432761293,-1.08503130178975,-1.0835950399992182,0.8898286601912185,1.3566137421139928,1.3566137421139928,
Luxembourg,-0.18736768270749155,0.5307632125583152,0.9257352049545089,0.9257352049545089,1.1196305466762768,1.3566137421139928,1.3566137421139928,1.3566137421139928,1.3566137421139928,1.3566137421139928,1.3566137421139928,1.3566137421139928,1.3566137421139928,1.3566137421139928,
Macedonia,,,,,-0.0796480484176205,-0.8352813348806414,-0.6211187434480386,-0.9600765260134996,-1.08503130178975,-1.08503130178975,-0.9557677406419045,0.46613143198439266,0.9027550163060032,1.2000612069460472,
Malaysia,,,,,,,,1.3566137421139928,1.3566137421139928,0.8007804291782585,0.49054788242342984,0.4804940498897087,0.37708320097143233,0.6062467488829211,
Mali,,,,,,,,,-1.08503130178975,-1.08503130178975,-1.08503130178975,-0.4458948050031819,0.8223243560362326,0.7908861812879295,
Malta,,,,,,,,,,,,,,,
Mexico,-1.1855696271269631,-1.3722836598960728,-1.3722836598960728,-0.9112436251354248,-0.23907310716662958,-0.67569669148824,-0.941405122736588,-0.941405122736588,-0.941405122736588,-0.9284787666218037,-0.626863790610165,-0.13997104361994828,0.7734914551581579,1.0693613840076701,
Moldova,,,,,-1.094313265742165,-1.2203191832256584,-1.3636660891528831,-1.3119606646937447,-1.1022664432761293,-1.08503130178975,-1.0835950399992182,0.4177088916178981,0.9768022908400772,1.1900073744123258,
Morocco,-0.941405122736588,-0.941405122736588,-0.941405122736588,-0.9414051227365883,-0.9414051227365884,,,-0.797778943683427,-0.7975053700090401,-1.2487651459103541,-1.2688728109777963,-1.1870058889174944,-0.9974193325673212,-0.8386326123918819,
Netherlands,-0.5105265855771043,-0.4315321870978657,-0.36690040652394307,-0.31519498206480506,0.8740297804953707,1.3566137421139928,1.3566137421139928,1.3566137421139928,1.3566137421139928,1.3566137421139928,1.3566137421139928,1.3566137421139928,1.3566137421139928,1.3566137421139928,
New Zealand,1.1928798979933892,1.2431490606619953,1.3479961713708033,1.3566137421139928,1.3566137421139928,1.3566137421139928,1.3566137421139928,1.3566137421139928,1.3566137421139928,1.3566137421139928,1.3566137421139928,1.3566137421139928,1.3566137421139928,1.3566137421139928,
Nigeria,,,,,,,,,0.8749214280267061,-0.6383538849344182,-0.19024020628855473,-0.7647449225012,-0.09113814274187347,0.5350719979299099,
North Ireland,,,,,,,,,,,,,,,
Norway,-0.6369176231438864,-0.378390500848196,0.7361486486043357,1.3566137421139928,1.3566137421139928,1.3566137421139928,1.3566137421139928,1.3566137421139928,1.3566137421139928,1.3566137421139928,1.3566137421139928,1.3566137421139928,1.3566137421139928,1.3566137421139928,
Pakistan,,,,,,,-0.4387134960505238,0.3501931885598128,-0.07964804841762049,0.1817515974591331,-0.47318377902328246,0.37995572455249577,0.013708967966934393,0.29154583211310536,
Palestine,,,,,,,,,,,,,,,
Peru,-0.31008827347624823,0.07774230612813535,0.20760430968870208,0.20760430968870208,-0.5895209840563432,-0.8423030591899071,0.16164393239169045,-0.20891160956546564,0.2995250642827256,-0.5047815384149781,0.028071585872250518,0.6686443444493501,0.5422533068825682,1.2072425158987052,
Philippines,,,,,,0.6384828468481861,0.5461517317425824,0.41309233586261795,0.6384828468481861,-0.04086898007326692,-1.1123202758098503,0.5623609719500107,1.0693613840076701,1.0693613840076701,
Poland,,,,1.0693613840076701,0.9728126747552671,-0.22183796568025022,-0.4660024700706245,-0.8710282950005395,-1.08503130178975,-1.08503130178975,-1.0893400871613446,0.051051774520756286,1.2273501809661478,1.3523049567423981,
Portugal,-0.9557677406419045,-0.7331471631095048,-0.5909572458468748,0.19755047715498086,0.8783385658669656,-0.5234529416918892,-1.3722836598960728,-1.3722836598960728,-1.3722836598960728,-1.1051389668571925,0.8567946390089913,1.3523049567423981,1.3566137421139928,1.3566137421139928,
Puerto Rico,,,,,,,,,,,,,,,
Qatar,,,,,,,,,,-1.5159098389492338,-1.5159098389492338,-1.5159098389492338,-1.5159098389492338,-1.5159098389492338,
Romania,-1.08503130178975,-1.08503130178975,-1.0203995212158272,-0.814056577309452,-0.6541527646302658,-0.657025288211329,-0.902626054392235,-1.08503130178975,-1.08503130178975,-1.0893400871613448,-1.1884421507080258,-0.27641591372045154,1.0004208180621526,1.1986249451555155,
Russia,-1.5159098389492338,-1.5159098389492338,-1.469949461652222,-1.0232720447968902,-0.4334130061092762,-0.9428413845271202,-1.3636660891528831,-1.3119606646937447,-1.1022664432761293,-1.08503130178975,-1.0835950399992182,0.0422290235217764,0.5466418845758592,0.5752873280647953,
Rwanda,,,,,,,,,-0.797778943683427,-0.8581019388857549,-1.0677961603033705,-1.0634873749317757,-0.7963426818928951,-0.5540931932232301,
Saudi Arabia,,,,,-1.5159098389492338,-1.5159098389492338,-1.5159098389492338,-1.5159098389492338,-1.5159098389492338,-1.5159098389492338,-1.5159098389492338,-1.5159098389492338,-1.5159098389492338,-1.5159098389492338,
Serbia and Montenegro,,,,,-0.0796480484176205,-0.8352813348806414,-0.6211187434480386,-0.9600765260134996,-1.08503130178975,-1.08503130178975,-0.9557677406419045,-0.848700952620457,0.19167486073916976,0.7821090259013477,
Singapore,,,,,,,,,0.7367641893717063,-0.26995273566305916,-0.36690040652394307,-0.36690040652394307,-0.36690040652394307,-0.36690040652394307,
Slovakia,,,,0.9257352049545087,0.9257352049545089,0.9257352049545089,0.46900395556545577,-0.5133991091581677,-1.0749774692560286,-0.9945468089862581,-1.08503130178975,0.261224749868549,1.1240875177881644,1.326452244512829,
Slovenia,,,,,-0.0796480484176205,-0.8352813348806414,-0.6211187434480386,-0.9600765260134996,-1.08503130178975,-1.08503130178975,-0.9557677406419045,0.9257352049545087,1.3566137421139928,1.3566137421139928,
South Africa,,,,0.4948566677950248,0.4948566677950248,0.4948566677950248,0.4948566677950248,0.4948566677950248,0.4948566677950248,0.4948566677950248,0.4948566677950248,0.6815707005641345,1.1770810182975413,1.2129875630608318,
South Korea,,,,,,,-0.5105265855771045,-0.5581740005328357,-0.34822900324703215,-0.16582375584951722,-0.9974193325673214,0.2808536610058146,0.9659505350893939,1.0693613840076701,
Spain,0.13291869658105818,0.5451258304636314,0.6456641558008441,0.7821090259013472,0.40437217499153316,-0.08826561916081022,-0.18880394449802312,-1.08503130178975,-1.08503130178975,-0.9701303585472207,0.6786981769830713,1.3523049567423981,1.3566137421139928,1.3566137421139928,
Sweden,-0.6541527646302658,-0.6541527646302658,-0.6484077174681394,-0.010707482472103045,1.2101150394797682,1.3566137421139928,1.3566137421139928,1.3566137421139928,1.3566137421139928,1.3566137421139928,1.3566137421139928,1.3566137421139928,1.3566137421139928,1.3566137421139928,
Switzerland,1.3566137421139928,1.3566137421139928,1.3566137421139928,1.3566137421139928,1.3566137421139928,1.3566137421139928,1.3566137421139928,1.3566137421139928,1.3566137421139928,1.3566137421139928,1.3566137421139928,1.3566137421139928,1.3566137421139928,1.3566137421139928,
Taiwan,,,,,,,,-1.2286574808429112,-1.2286574808429112,-1.214294862937595,-1.080722516418155,-0.12991721108622697,1.129684379209998,1.3422511242086765,
Tanzania,,,,,,,,,-0.9414051227365884,-0.941405122736588,-0.941405122736588,-0.8437393209804388,-0.31375872027427354,-0.16965378729093492,
Thailand,-1.5159098389492338,-1.5159098389492338,-1.5159098389492338,-1.5159098389492338,-1.5159098389492338,-1.317705711855871,-0.5888826454827735,-0.5938297694279382,-0.9227337194596775,-0.575158366151027,0.0007826118521498317,0.4948566677950248,1.0794152165413915,0.444427920483026,
Trinidad and Tobago,,,,,,,,,1.0693613840076701,1.0693613840076701,1.0909053108656441,1.2029337305271104,1.3163984119791075,1.3566137421139928,
Tunisia,,,,,,,,,-1.3722836598960728,-1.3593573037812883,-1.3062156175316184,-0.8595382006762865,-0.567977057198369,-0.14874819900653033,
Turkey,-1.4555868437469062,-1.5159098389492338,-1.5072922682060443,-0.7274021159473778,-0.4479466075610841,-0.9339844368188416,-0.9500226934797783,0.43884245796429183,0.820888094245701,0.902755016306003,0.5896499459701113,0.9458428700219514,0.9745681058325839,0.8515283457770422,
Uganda,,,,,,,,,0.7318887156745959,-0.594587796484052,-0.4818013497664721,-0.7187845452041887,-0.6369176231438863,-0.2879060080447045,
Ukraine,,,,,-1.094313265742165,-1.2203191832256584,-1.3636660891528831,-1.3119606646937447,-1.1022664432761293,-1.08503130178975,-1.0835950399992182,0.44643412742853056,0.8504112532732953,0.7896095041407903,
United States,1.3537412185329294,1.3566137421139928,1.3566137421139928,1.3566137421139928,1.3566137421139928,1.3566137421139928,1.3566137421139928,1.3566137421139928,1.3479961713708033,1.1928798979933888,1.3278885063033607,1.3566137421139928,1.3566137421139928,1.341612785635107,
Uruguay,-0.5105265855771043,-0.5105265855771043,-0.4458948050031819,0.00652765901427625,0.28659870816794086,0.28659870816794086,-0.03656019470167211,0.24207459266146095,1.0348911010349113,0.4201710546873808,-0.8308129648656543,0.947279131812483,1.3566137421139928,1.3566137421139928,
Uzbekistan,,,,,-1.094313265742165,-1.2203191832256584,-1.3636660891528831,-1.3119606646937447,-1.1022664432761293,-1.08503130178975,-1.0835950399992182,-1.2932892614168336,-1.3722836598960728,-1.3722836598960728,
Venezuela,-0.7460735192242891,-0.6153736962859122,-0.5148353709486991,-0.7475097810148208,-1.1353004644583564,-1.330632067970656,-0.8078327762171482,-0.5004727530433831,0.3181964675596364,1.0320185774538484,1.2129875630608318,1.1727722329259465,0.9343527756976984,0.22356277402794233,
Viet Nam,,,,,,,,,,-1.0850313017897495,-1.08503130178975,-1.08503130178975,-1.08503130178975,-1.08503130178975,
Yemen,,,,-1.5159098389492338,-1.5159098389492338,-1.5159098389492338,-1.497238435672323,-1.1037027050666606,-0.7259658541568463,-0.4760563026043458,-0.8451755827709704,-0.6149975324836301,-0.38126302442925925,-0.23045553642343986,
Zambia,,,,,,,,,0.19611421536444912,-0.3516030785644716,-1.3335045915517192,-0.6397901467249499,0.4029359132010016,0.8090788306346632,
Zimbabwe,,,,,,,,,,0.4948566677950248,0.3742106773903691,-0.634045099562823,-0.7561273517580103,-0.1691750333607577,
