,1870.0,1880.0,1890.0,1900.0,1910.0,1920.0,1930.0,1940.0,1950.0,1960.0,1970.0,1980.0,1990.0,2000.0,2010.0
Albania,-0.6648250119362393,,-0.6485463636827861,-0.639171606429525,-0.6272896466551349,-0.6133001833121986,,,-0.587661312312781,-0.5343269375219184,-0.4749898111868147,-0.45331159344625377,-0.3931823364580706,-0.22390619638169945,0.03718131221226254
Algeria,,,,,,,,,,,-0.08724549084200259,0.09269897764342316,-0.17706147913049583,0.02156709857814518,0.23301303543037588
Andorra,,,,,,,,,,,,,,,
Argentina,-0.5088091874160335,-0.43860267198708436,-0.34665737836899113,-0.3084606930025116,-0.286251965742245,-0.22389166187433024,-0.2273218056134813,-0.14099409909361635,-0.09173665361911151,0.0164364174767878,0.274191371163678,0.23770249041308922,0.36790987468082387,0.37878168619304886,0.6929575211313816
Armenia,,,,,,,,,,,-0.2417255024164421,-0.23634046743612222,-0.4445182164863832,-0.3367085080747159,-0.06544269160928967
Australia,-0.34079997189916955,-0.2650315849830898,-0.3008082748725834,-0.23510503430973304,-0.11707029996377438,0.009750544086917038,0.018289567166371618,0.23627810869089946,0.3067850039392983,0.5100864257671642,0.8230797747110198,1.0613657557767535,1.4879172107968286,2.1813367556098,2.5415184590841564
Austria,-0.5559542844859602,-0.5361001474195177,-0.503920748103922,-0.47027336354475524,-0.482918384955306,-0.4639944563604976,-0.4498596479438685,-0.43390802610680557,-0.25619460450256487,0.04897191222293113,0.45175944769422577,0.7022544149501584,1.3633201463809046,2.0293058085416193,2.4322293454840698
Azerbaijan,,,,,,,,,,,-0.07181711126950727,0.03823091127702976,-0.33250803544499286,-0.30096815445364555,0.4154003393319012
Bahrain,,,,,,,,,,,0.6173583574061682,0.36928338562722135,0.4901305471491366,1.7007387349515757,2.099295690614883
Bangladesh,,,,,,,,,-0.6325802073375544,-0.6189250376641118,-0.6284378727373083,-0.6269771547466954,-0.6093540645614379,-0.5942381768973821,-0.5058901738539134
Belarus,,,,,,,,,,,-0.033009976593517745,0.16562586836880783,-0.031803612481867194,0.07440730011917884,0.6384738820795597
Belgium,-0.4469745482310655,-0.3886621046662231,-0.3227553810002029,-0.25177611426230234,-0.27439907498259364,-0.30093908543890696,-0.31243588076801093,-0.3121960613964178,-0.12167773879983745,0.1451104112170629,0.6391455839527252,0.7837857340381595,1.2424221140759297,1.8347686946646993,2.126495982971172
Bosnia,,,,,,,,,-0.66098245155063,-0.628932045987864,-0.5864694827084995,-0.5470664332303694,-0.46434328453881385,-0.21959671494670668,-0.011343178822513499
Brazil,-0.6575359564906885,-0.6595417185076496,-0.6643817094615487,-0.6652610471573904,-0.6597742706254857,-0.6453342375541016,-0.6382922687336833,-0.6199715221947002,-0.5823198808545689,-0.5231280995938848,-0.39152540261797214,-0.32078595525166487,-0.17057182159011017,-0.04132371480874837,0.3418868774141798
Bulgaria,-0.6045794788913548,,-0.5764552071310626,-0.5737663232684718,-0.566426397046983,-0.5636025498992896,-0.5379823661245667,-0.530974311154919,-0.43689486737119354,-0.22953105073361244,0.009089224001614554,0.12535074844852076,-0.04536430785740948,0.1188756254155046,0.46583507990331824
Burkina Faso,,,,,,,,,-0.6059166535686021,-0.5781848135080074,-0.5917963796593423,-0.5992525819397853,-0.6152623418070521,-0.6185834767409336,-0.6066246917130982
Canada,-0.4980996779025235,-0.459568698868004,-0.42587771078527586,-0.3170578541114433,-0.21069432918301992,-0.18132735704338068,-0.194524689734691,0.11996571346820087,0.23903239783737878,0.4516141026205332,0.8979833584386269,1.241135810173748,1.5588238049978822,2.1699344345785967,2.348863563911559
Chile,-0.6055096873622622,-0.5698492735309961,-0.5388108330453427,-0.5145527402445536,-0.4725407466950903,-0.45975764746235126,-0.47361630023969054,-0.4182325599090323,-0.3606831779803506,-0.28500199810848653,-0.24281559046913853,-0.23382599766123605,0.01043366593327334,0.250950693880192,0.773239910763684
China,-0.6580664660094493,-0.6574124131781949,-0.6537787863356558,-0.6515986102303358,-0.6514290409778638,-0.6436046311770113,-0.642595290387833,,-0.6395422363674417,-0.6378998370347125,-0.6097682980207358,-0.5562013711126915,-0.4835215670125847,-0.2702640076360322,0.09161304231023262
Colombia,-0.6429941818672833,-0.6398619955295659,-0.6419549645906703,-0.6431540614484181,-0.6237722958717681,-0.5834826414441117,-0.5468847518875267,-0.517481443480191,-0.47927022360561544,-0.44789022219605723,-0.3106554036152736,-0.2357227508729276,-0.19408865451361246,-0.1354709862932883,0.17206154059922193
Croatia,,,,,,,,,-0.4070646078091584,-0.16399495700550895,0.2103412802904115,0.46656284344984206,0.15940509921475415,0.5124846194830964,0.7662322018555697
Cyprus (G),,,,,,,,,-0.38136578196684245,-0.23808460832043638,-0.013548271226045915,0.45973889223996295,0.8054712190331318,1.1876052195326732,1.232976760642014
Cyprus (T),,,,,,,,,,,,,,,
Czech Rep.,,,,,,,,,,,0.391979018884359,0.6300760513542917,0.6388621610590244,0.9714988967124678,1.3386114838531218
Denmark,-0.509095032728114,-0.48257682403212776,-0.43386442258469776,-0.36466563299953453,-0.32330042502655104,-0.28861382318975376,-0.19689381443588438,-0.18648710715947672,0.030607562161840185,0.37385448819486117,0.7610101609904908,0.9216237346747681,1.3649552784599492,2.061041905382452,2.491550899119211
Dominican Rep.,,,,,,,,,-0.5781121409718878,-0.5617826219424967,-0.45924893970515296,-0.3688225021071499,-0.2667393895989806,-0.06995669432623877,0.1943823911989373
Ecuador,-0.6672958781892356,-0.6672958781892356,-0.6593018991359112,-0.6405887208983209,-0.6211706190526661,-0.6063672232977767,-0.597937209022865,-0.5728579165564379,-0.5178956769402157,-0.4808036141345285,-0.3765839290423478,-0.33147608542177354,-0.3527473369567213,-0.20932808549030724,0.043244278141373244
Egypt,-0.629360813955258,,,,-0.5960041195427502,,,,-0.5991944439095814,-0.5742168929954661,-0.5251919996403231,-0.41365419008770776,-0.35930239978026857,-0.2502427237348428,0.07234443825080021
El Salvador,,,,,,-0.6470347749160898,-0.6474998791521976,-0.6290483220468184,-0.6059166535686021,-0.5732358137480394,-0.5226411935970138,-0.5166965800822497,-0.4206307536249642,-0.2626987965503197,-0.14231985380130724
Estonia,,,,,,,,,,,-0.1197083130512995,0.0015748836916945023,-0.03239226003032318,0.4818386106949601,1.0290783858339476
Ethiopia,,,,,,,,,-0.6615765495393495,-0.6481175957154649,-0.6366353348935848,-0.6374274655452108,-0.6578048448771656,-0.6581173367851691,-0.6128849116733877
Finland,-0.6192375295725513,-0.6152986780754752,-0.5964474220167866,-0.575270644780466,-0.5676472956652763,-0.5318124677463055,-0.464997337369705,-0.3996865285058253,-0.2336951870949125,0.0437540240773579,0.48046509974856233,0.8143081995136565,1.0990828024000467,1.897477826709477,2.064298673203964
France,-0.5218054594218264,-0.49132659746916363,-0.4425342562304758,-0.39409074316865095,-0.37994866749833706,-0.34464434909834507,-0.32322048523602004,-0.3780446470329609,-0.10754293038320831,0.22063171150786481,0.7183368473542716,0.9010719412546001,1.180497845429093,1.7277801859048625,2.0136251514317456
Georgia,,,,,,,,,,,-0.05452104750005877,0.18368499377514372,-0.3612936272898606,-0.32191964682646906,-0.021050153386896173
Germany,-0.5146544817968653,-0.48534564768670313,-0.42411176813990786,-0.3600145906413635,-0.37122069582308176,-0.40644507443254274,-0.30568460209497833,-0.2606058274891427,-0.11470844251626554,0.25835602538484237,0.6750385499011734,0.9255553189181597,1.384228035217086,1.9910800541676683,2.520941749376023
Ghana,-0.6466568777244156,,,,-0.5952047216381663,,,,-0.5393776788312913,-0.5271323563726692,-0.5442830750691515,-0.5902484546245136,-0.5764406726244201,-0.5406131119584072,-0.4597638765394297
Great Britain,-0.428413982321216,-0.3943087607791902,-0.34369233886565714,-0.29803218396505005,-0.24435624825028263,-0.24238682250174468,-0.15307227471749177,-0.011041068704844363,0.04613768328592071,0.2710882538403358,0.5441916473091899,0.8264590476743785,1.239936713315782,1.9330946370251751,1.9835491029869927
Greece,-0.5909751799929778,-0.5689263323130466,-0.5776107004669208,-0.5627418994281428,-0.573337555300351,-0.5084409798964961,-0.4681513254688397,-0.5543336869157385,-0.4575920058643278,-0.26515512829572857,0.08180536437014448,0.2719603242824927,0.6598427224465865,1.2158603018585623,1.0926876191575614
Guatemala,,,,,,-0.6042960559969269,-0.5749000148425492,-0.5511360952944959,-0.5608742152311896,-0.5375245291431611,-0.47491713864996826,-0.4540891895905104,-0.4119536527255014,-0.316498275577726,-0.22057779419413334
Hong Kong,-0.6228929581751996,,,,-0.5444792909179101,,,,-0.40661948852097407,-0.22235100409318606,0.18569075579210514,0.7056482224208862,1.6524769032391333,2.611921536446653,2.6836970865556853
Hungary,-0.6552322370728749,,-0.6351746169029717,-0.6241283913023156,-0.6048338327703172,-0.5984853675855722,-0.5656706026623268,-0.5499193493913481,-0.46573859724553845,-0.29305411519107016,-0.12132891062297468,0.12716029461599665,0.18763837977958928,0.5639803790924709,0.8899312413560437
Iceland,,,,,,,,,0.017170410098936634,0.31346361007548473,0.8444309660364988,1.3664014619286586,1.5199439977777793,1.95731639354882,2.117214661837825
India,-0.6488370538300264,-0.639946780156129,-0.6347531161892624,-0.6229583634590882,-0.6128496135837509,-0.6075372511410041,-0.6034893908379316,-0.6052698679913957,-0.6110473346699595,-0.6171808967797976,-0.6211342827842429,-0.6328708974849401,-0.5992017111639927,-0.5092258432937108,-0.3382865403030697
Indonesia,-0.6557409448307998,-0.6390117268484629,-0.6386192951494921,-0.6347894524576857,-0.6217083958260564,-0.6100444536607522,-0.6072974317686841,-0.6070987935015462,-0.6141649865006711,-0.6192811330946592,-0.5739480046098611,-0.522808340430307,-0.4324473081161925,-0.3986618457362908,-0.0368720028371486
Iran,-0.6460028248930886,,,,-0.6237650286180835,,,,-0.5291817219131917,-0.41238968794658,-0.13147399676673496,-0.3005539209936208,-0.2819206825461984,0.24592175433041982,0.46202496261644627
Iraq,-0.6460028248930886,,,,-0.6237650286180835,,,,-0.3865473338439922,-0.18677053005317773,0.1902037203302678,0.1713742660333599,-0.48084721765590965,-0.3596730297181853,0.18520488797329368
Ireland,-0.5392468682656945,,,,-0.4454266231955101,-0.4561660091963094,-0.4239010177830532,-0.4079566631989482,-0.3352550573377875,-0.2023878582214739,0.018493050269541744,0.26602297802213987,1.0482410956222898,2.8301353628426713,2.9725704205129455
Israel,,,,,,,,,-0.3362434038388989,-0.05873605463715115,0.39155751817064965,0.6351921979482799,1.0547307531626748,1.3666558158148878,1.5178115779139998
Italy,-0.6026536566634711,-0.5840131509630906,-0.5696893939506608,-0.5396247654580226,-0.5270960201042459,-0.5275393225797358,-0.511842054620182,-0.5141603085470363,-0.33877240812115433,-0.023373598207682145,0.3956707837561574,0.8112268839513685,1.3218822658638074,1.7460936651901602,1.8137860569064836
Japan,-0.6373329912473105,-0.6275221987730435,-0.6084383905978997,-0.5933225029331172,-0.567291200234002,-0.5313764325259538,-0.5012100624810039,-0.5023437540543546,-0.4543144744547344,-0.13746221380288035,0.4438308739242813,0.7923320243712986,1.5087451598497457,1.783643564985974,1.873720136221787
Jordan,-0.634883926755586,,,,-0.6015999048799248,,,,-0.5492248075739815,-0.47245353964942105,-0.4825622895269387,-0.36116281672353695,-0.44290488616839263,-0.2645882825083266,0.13009834146071125
Kazakhstan,,,,,,,,,,,0.129267798184543,0.0980113400868967,-0.16803555005417006,0.04120321803404856,0.8919349270168853
Kosovo,,,,,,,,,,,,,,,
Kuwait,,,,,,,,,,,6.006562318911027,2.408046001555898,1.8630746477518463,3.7441596605211767,4.525343751734721
Kyrgyzstan,,,,,,,,,,,-0.21738020257289067,-0.23759043506988076,-0.43549228741005763,-0.5333095220060685,-0.3639191822283159
Latvia,,,,,,,,,,,0.07905107522366515,0.2031539663963003,-0.0230901753139812,0.3334776267229889,0.7811093083260916
Lebanon,-0.6071230176802528,,,,-0.5516011995295862,,,,-0.06764570765452252,0.046580985760683855,0.07120970849793624,-0.09324824238551711,-0.006077534438233646,0.22606035001029248,0.34851046006233494
Libya,,,,,,,,,-0.4289880953623028,0.5309216420810333,1.8441434519033535,1.3658418834094752,1.0143538916908028,1.145033647448039,0.4682851825731024
Lithuania,,,,,,,,,,,0.04177006382145059,0.14396945238857395,-0.05082928262826048,0.36533726687646045,0.951516025435821
Luxembourg,,,,,,,,,0.36234315835838793,0.6336878764355591,1.0238013214808377,1.1828960391450252,2.5380281009594086,3.4289497991962383,3.75358217398691
Macedonia,,,,,,,,,-0.5398736688952682,-0.4104929347348884,-0.20852868758499665,-0.08006544420157607,-0.1966539950642911,-0.06148307652994615,0.19781876401371315
Malaysia,-0.6303055569342614,,,,-0.594768686416361,-0.5591882123770795,-0.5301700684128496,-0.5474709770190568,-0.5298357747433561,-0.49470587043252234,-0.3474349745132479,-0.1866324522331694,0.049902120694565344,0.33399360173459874,0.7875148733564407
Mali,,,,,,,,,-0.6233943986801667,-0.6362501704482988,-0.6579065864283873,-0.664534321788999,-0.6560461694853368,-0.6289611150033294,-0.6023058666661214
Malta,,,,,,,,,-0.5725381573950404,-0.5182009015942439,-0.2904088348498604,0.035948993620052154,0.39616495700671295,0.9179392370566548,1.114281744388812
Mexico,-0.6553049096094306,,-0.614099581218236,-0.6000737816061498,-0.5943762547166636,-0.5713753968054978,-0.5870363284959017,-0.5497625843480985,-0.4990444208829805,-0.3879644483124975,-0.12604535826430743,0.03429205977995386,0.004481785165551417,0.2062934199880656,0.3997238349560685
Moldova,,,,,,,,,,,-0.44266506679679946,-0.40090742712484523,-0.523571402068648,-0.5169436667068008,-0.336615071955602
Morocco,-0.6364100500293609,,,,-0.6164977749334413,,,,-0.517379701928606,-0.5206645005940643,-0.462664548936208,-0.3917870237506193,-0.3484814590438364,-0.35468042643683606,-0.18196791354641562
Netherlands,-0.49419716267532415,-0.4449469844537771,-0.41007870127486373,-0.3627252762657351,-0.3437214078803956,-0.3195505221252756,-0.3208804295495652,-0.350458152046059,-0.07226768099795508,0.23655426433091595,0.8035090605382783,0.9504456627880594,1.4171850306842058,2.389790660314611,2.697670977198658
New Zealand,-0.34510218608047766,-0.3469408012626922,-0.3282712265468464,-0.23834622945308356,-0.19167592629031124,-0.198463541231767,-0.1812038137307418,-0.016738595593603772,0.14088813682628576,0.328201600547939,0.4767151968472872,0.586276313396953,0.8793428527375199,1.2803717128171308,1.654041439130184
Nigeria,,,,,,,,,-0.5743695053235703,-0.511282476087918,-0.2748932482331492,-0.3476457248701025,-0.4750334147089226,-0.46755541066597234,-0.32479021203190267
North Ireland,,,,,,,,,,,,,,,
Norway,-0.5434473408954177,-0.5156936990730423,-0.4662109687350402,-0.4142210358751099,-0.35364120915993225,-0.37588627268862224,-0.32088769680324986,-0.2609546556660055,-0.031316706484996126,0.20382982098897212,0.676324853803355,1.2549435921745684,1.821731241547184,4.0188545825179,4.929538019893925
Pakistan,,,,,,,,,-0.6324493967712309,-0.6173335091071751,-0.5916437673319648,-0.5533598749219965,-0.5282878497085273,-0.48567994135546994,-0.3698056577128761
Palestine,,,,,,,,,,,,,,,
Peru,-0.6462935150404016,-0.678087749910784,-0.6755078748526633,-0.6579865262188456,-0.6420276371275166,-0.6138524945922315,-0.6000737816061498,-0.5864694827084995,-0.5463615096229592,-0.49312887638222824,-0.4456664425692834,-0.4317641862698361,-0.4103039861390876,-0.2572846925552612,0.05919070908159774
Philippines,-0.6571217230305912,,,-0.6472200898854842,-0.6222389053443086,-0.5940855645700046,-0.5897615486276425,-0.6228784236692838,-0.5990418315829306,-0.5704597228419596,-0.5256571038746868,-0.49043999251963744,-0.4051151670082532,-0.39219398995695925,-0.2520865298124426
Poland,-0.6137507530399197,-0.5931698906057397,-0.573381158822459,-0.5546534460778627,-0.5527276238514325,-0.515119586033409,-0.547055128612477,,-0.45534642447504664,-0.362441853372034,-0.21595582085070086,-0.19124715832291736,0.006073313722488113,0.3911941554864176,0.9968636884279883
Portugal,-0.6200005912094388,-0.6120429484247555,-0.6028062689915753,-0.5917309743769074,-0.5946088068352988,-0.5735119693887825,-0.5504602407010974,-0.5324229170558155,-0.4764723309384818,-0.33377980483980507,-0.06321995016057555,0.07231433105800186,0.5139744064884478,0.9489849447974461,1.1978655435573282
Puerto Rico,,,,,,,,,-0.28794523585076665,0.02454667258884859,0.44372913237269623,0.6875236917313886,1.241179413695856,1.7933235469011846,1.8006115641542866
Qatar,,,,,,,,,,,12.94485165344055,4.652064930589947,1.5146607043563118,6.567625794810152,9.68522883107292
Romania,-0.6751445121683586,-0.6681606813776354,-0.662543094279189,-0.6603992544425829,-0.6501596940004859,-0.6622088006098407,-0.6562859888568573,-0.6576142813357544,-0.611301688548922,-0.5299665853104063,-0.35421532220101903,-0.22843369542723163,-0.2352794483981646,0.09353471181715706,0.6395328247541309
Russia,,,,,,,,,,0.04233690960885276,0.4456622218528113,0.6275906505941442,0.17140333504809846,0.2531090682245309,0.9595826770257737
Rwanda,,,,,,,,,-0.6641200883287564,-0.6598832794306826,-0.6444476326047932,-0.6348475904871628,-0.6613003938991878,-0.6414971276089012,-0.5996066010120332
Saudi Arabia,-0.6548688743882795,,,,-0.6460028248930886,,,,-0.3065276035223968,0.1007438274723222,1.1128106446103354,0.9580036066200871,0.5504414854779826,1.2740274003431713,2.692210155132779
Serbia and Montenegro,,,,,,,,,-0.564682256162669,-0.4353978131121572,-0.25108572516226146,-0.11874176831124196,-0.3018838284179104,-0.03448522909150016,0.23948089120970759
Singapore,-0.6420785079030185,,,-0.6011275333911497,-0.6032859077347617,-0.5813969396366193,-0.5546171098087128,,-0.5615282680628074,-0.49936418004510463,-0.24121679465851723,0.12080144764193462,0.8028332059456065,2.610439016680451,3.944150329195758
Slovakia,,,,,,,,,,,,0.3813978975195198,0.2282768623841085,0.5485083959978678,1.047339956165394
Slovenia,,,,,,,,,-0.3752976251401661,-0.08355372597020444,0.40503827375566126,0.6689267895523893,0.5840452665157682,1.0376599742574502,1.2396314886610265
South Africa,-0.5514994579780012,-0.5470882349921502,-0.5227792714155685,-0.4900184918066549,-0.5375753999182268,-0.49847757509485163,-0.4593652157641072,-0.368291992588171,-0.31017576487208715,-0.22962552503151296,-0.11442501962256452,-0.103182578172423,-0.1456306069444183,0.014561466026150303,0.14958496313068328
South Korea,-0.6777607234948297,,,,-0.6544570633459802,-0.6471074474532268,-0.6380015785862976,-0.6226749405653871,-0.6148408410933428,-0.5810553787134412,-0.3779283709740066,-0.13665554864388496,0.5626359371608123,1.2907929546009078,1.7412173379750326
Spain,-0.47531683760262367,-0.4507026493734672,-0.4449905879758849,-0.42184438499029947,-0.4001807017563811,-0.3322028107902378,-0.3715985930146832,-0.3962418502593049,-0.3425804490519068,-0.18339852434350376,0.10055487887652144,0.22882190641045655,0.7526382847457826,1.4597493355151552,1.6129814558192226
Sweden,-0.5680179256024662,-0.5454240338976404,-0.5004760698574016,-0.4284503185896393,-0.3736988293295448,-0.37582813465914494,-0.3024579414589972,-0.20916093865556043,0.015615217810423397,0.3250548797024889,0.7054810755861395,0.9533089607398082,1.337136231340604,2.0937518142170264,2.391335470822529
Switzerland,-0.4883179544429951,-0.43048514962133905,-0.38402559681542137,-0.3339396844208672,-0.3281912867563153,-0.34303101878035464,-0.2693410664180826,-0.16220721259908708,0.12683326820018778,0.5883474806970761,1.1046131824540593,1.485715232930382,2.046456527230108,2.702558724394243,3.6491725021143284
Taiwan,-0.64672955026148,,,-0.6343671442714255,-0.6200514619852313,-0.5885479172623073,-0.5681269344084626,-0.5760191719099841,-0.5845727294975347,-0.5005923459170826,-0.2330338670096101,0.20810296615554166,1.0447964173757691,1.7790433934108627,2.196261618343736
Tanzania,,,,,,,,,-0.6151387984944131,-0.5913312754227985,-0.5458091983421997,-0.5870217939885324,-0.6366353348935848,-0.60494284157486,-0.5475107738831922
Thailand,-0.6590112089888162,,-0.6435319586402376,,-0.6385175535979072,-0.6426598881982986,-0.6397529867242964,,-0.6284015364688852,-0.5875813725229765,-0.5201412583287701,-0.42666984143690195,-0.21308525564526726,-0.04407800395522784,0.2853787891185212
Trinidad and Tobago,,,,,,,,,-0.2692611266275514,-0.07939685686258899,0.24407587189452062,0.27373353418154533,-0.08410603725023726,0.7544332964058893,1.4491671759722564
Tunisia,-0.6458574798193958,,,,-0.6194773489448713,,,,-0.5861133872772254,-0.5468484156191036,-0.46166893518286567,-0.3793745544572504,-0.19025881182180596,-0.06001509128564819,0.05811100282403218
Turkey,-0.6071956902170992,,,,-0.6124281128700416,-0.6312710634955324,-0.5984241150190093,-0.5909243092171853,-0.5258678542322681,-0.44209822100939744,-0.25167437271071735,-0.10603860887048724,0.061638735395262385,0.2087933552555827,0.6588014288135631
Uganda,,,,,,,,,-0.6284742090050048,-0.6179730274314237,-0.6179657601770122,-0.6443967618290734,-0.6388227782526621,-0.6152550745533675,-0.5777217856297631
Ukraine,,,,,,,,,,,-0.08104652344900275,0.03648677039271561,-0.23170395958532064,-0.20144311524247038,0.022117333502058745
United States,-0.4245623378683557,-0.3458943167321037,-0.3113966634911071,-0.19842720496334387,-0.13268036087838572,-0.026949087020526147,-0.056417800711750225,0.32882658436481815,0.5101518310503259,0.8115466431134927,1.2270736742939654,1.6516993070948773,2.1683429060434616,2.8007756579276486,2.998524897962249
Uruguay,-0.47227185830875856,-0.4593870175258879,-0.4650482081469509,-0.4596922421799162,-0.4386462755091922,-0.43016539045921487,-0.3933930868149252,-0.3585175363823273,-0.1989649817360074,-0.20298377302361462,-0.12737526568859692,-0.07005116862413915,0.1101694555013032,0.09519164565725549,0.6259742057419749
Uzbekistan,,,,,,,,,,,-0.3263163353056776,-0.3683646651250174,-0.45509933785049556,-0.3908132117568772,-0.1092330859546441
Venezuela,-0.6463371185628729,-0.6335467520776119,-0.6337429679270972,-0.6515622739619853,-0.6478051038067345,-0.6325438710691312,-0.5919417247330352,-0.5137824113547083,-0.3458797822247344,-0.2446614729050376,0.006262262318288741,-0.05205018124728039,-0.18435780182987663,0.041312226839318233,0.5065732277033033
Viet Nam,-0.6630081985153694,,,,-0.6412064374612975,,,,-0.6405523846295343,-0.6322967844438534,-0.635494376065096,-0.6315264555532814,-0.5892746426314982,-0.48474246563160467,-0.33383275197389706
Yemen,,,,,,,,,-0.6338011059565744,-0.628750364645748,-0.5608233444553973,-0.5150178444803706,-0.5104467419141842,-0.47105095968973865,-0.4608020556346403
Zambia,,,,,,,,,-0.6217738011084915,-0.5671240533999821,-0.5720221823834308,-0.6002191266798427,-0.6308869372290328,-0.5858881024130015,-0.4675917469343955
Zimbabwe,,,,,,,,,-0.5506637238035407,-0.516464027965068,-0.4304197443381773,-0.44438013866637505,-0.4958395620065998,-0.575837490567868,-0.5917060580773141
