,1870.0,1880.0,1890.0,1900.0,1910.0,1920.0,1930.0,1940.0,1950.0,1960.0,1970.0,1980.0,1990.0,2000.0,2010.0
Albania,,,,,,,-0.1866278610993224,0.027027407766903818,-0.05093251474641281,0.117954774621422,-0.03663169282587309,0.08205752065555452,,,
Algeria,,,,,,,,0.1543860354006192,0.09921570507647626,0.483886699535461,0.25817824524285754,-0.11773225659196304,0.3856595947624369,,
Andorra,,,,,,,,1.4802150731794388,1.5269298432526066,1.4988601790638438,1.4828479366469423,0.823172164683838,,,
Argentina,,,,,,0.2492644501038514,0.18208063092310234,0.15509543934150014,0.28785757287384417,0.41008922823605576,0.23374108655375525,0.31520646992352125,0.24287303744699718,,
Armenia,,,,,,-1.345296074211944,-1.1987111073552514,-0.9152826614056282,-0.7630727795650651,-0.8299532846396782,-0.7636786398165625,-0.953403107797359,,,
Australia,,,,,1.3706711000934155,1.2224856329695508,1.188425262994185,1.383238768453089,1.3602992588191314,0.9815401746923752,0.5294372745166795,0.3554453162229685,,,
Austria,,,,,,1.7264165139389973,1.45189500941869,1.7657641752180446,1.4118387596382298,1.6068979452626662,1.5086921834940192,1.4505041113244073,,,
Azerbaijan,,,,,,,0.24583831730678235,0.15958397861240065,0.2757183406520556,0.3875387754596435,0.5130006246240079,0.6546206000423602,0.5090292418361907,,
Bahrain,,,,,,,,,-1.4965948328839125,-1.03094617990447,-1.4769687031359422,-1.527334141022967,-1.7106124332865462,,
Bangladesh,,,,,,,,1.4496188895647137,1.6008413101124224,1.4927029384184947,1.57245716206942,,,,
Belarus,,,,,,-1.3300734658614464,-1.4662287148976065,-1.081796037962147,-0.6554784437907595,-0.6423306045044402,-0.5400255362904759,-0.3702146717084477,-0.32415146301496034,,
Belgium,,,,,,0.679025882736789,0.2835305754181631,0.7139462108243838,0.8134429544065132,0.9060103729205342,0.7025802583074511,0.6734393636430953,,,
Bosnia,,,,,,,-0.2633253653856266,-0.2337415428863931,-0.18954361794632701,-0.04883140562552916,-0.13475873124284782,0.03170576883688857,,,
Brazil,,,,,,,,-1.7341540776820263,-1.557837093990387,-1.5115379443312242,-1.429364472957249,-1.4036243816975362,-1.4538493428324621,,
Bulgaria,,,,,,-0.700852045832134,-0.8669970853065441,-0.9008146448356988,-0.7429507779091251,-0.6068700680486695,-0.641713059882345,-0.6299549914580281,,,
Burkina Faso,,,,,,,,-0.28602168590825855,0.003925378817096121,-0.29249816449708743,-0.14958155913234575,-0.13313233992937604,,,
Canada,,,,,,1.2353421440705037,1.2166501911677234,1.3096871961322993,1.2889152821384933,0.7804125837427981,0.7568970296932699,0.3595636333262656,,,
Chile,,,,,,,-0.19721154340020988,-0.12287077205111062,-0.08344413632555522,-0.26842745999991807,-0.07894906450814015,-0.23017376275321255,-0.09927749866033309,,
China,,,,,,,-0.4047574541785752,-0.4470822004633472,-0.49247741452824634,-0.5044574258908191,-0.4723657649306367,-0.6183617136074698,-0.6108079579861457,,
Colombia,,,,,,,-1.1520348380819525,-1.0640908083077083,-1.048537041282294,-1.0250047016505355,-1.1937557406356316,-1.149992018803389,-1.2510829597249613,,
Croatia,,,,,,0.03950549806893811,0.41888634123783813,0.548403575532012,0.6676436236261332,0.603617793801896,0.7193170729983993,0.7013440689705965,,,
Cyprus (G),,,,,,,1.9715902040535285,1.7461349545965847,1.2600206352351189,0.8852572121815512,0.44008202381606176,-0.019706399264176735,-0.3452792661734844,,
Cyprus (T),,,,,,,,,,,-1.27125848801665,-1.0595261537662368,,,
Czech Rep.,,,,,,0.652755731122387,0.6098141293702105,0.7454428404814234,0.8607218605335362,0.7335956804554252,0.8434167040952372,0.2672351994163544,,,
Denmark,,,,,,,2.0738159977566726,2.343452148283117,2.296915550141555,2.211255643865972,1.968954500387675,1.9830611302595664,,,
Dominican Rep.,,,,,,,,,,0.8602147120121304,1.0208163374919472,,,,
Ecuador,,,,,,,,-0.8792113845709407,-1.198498333928993,-0.8954661549343018,-1.0744053102620117,-1.0080896734846476,-1.069509801778926,,
Egypt,,,,,,,-0.11759539152359233,0.012834055639951283,0.020948795803572492,-0.030848528311309714,-0.013344051037737115,0.023692323761006013,0.045193529583476874,,
El Salvador,,,,,,,-1.3194301535975512,-1.0400526827562862,-1.119405847534005,-1.1887157831443198,-1.530648078060361,-1.353703999362762,,,
Estonia,,,,,,0.3813428541410099,0.3315575404583927,0.32880763501662075,0.294070869373344,0.47496269311039624,0.35351315530377614,0.27633800617133913,0.1816290888021861,,
Ethiopia,,,,,,,,,,0.7033339556532491,0.6605482667158583,0.27127056463285215,,,
Finland,,,,,,0.1410932873300604,0.25410763325527524,0.47707668491288585,0.5240954018914655,0.59043056679196,0.6140331363122034,0.6172331670895073,,,
France,,,,,,0.7620253346076267,0.6164607207778161,0.9928725941119655,0.9434842336295536,0.9235792039171733,0.725668753122298,0.7399688005558032,,,
Georgia,,,,,,-0.5142284445022239,-0.6216641108436873,-0.34089477943660557,-0.16341018169531155,-0.09710075231212037,-0.34056152342859897,-0.32181808357550584,-0.22581212433614936,,
Germany,,,,,1.532231207508971,1.607839471996081,1.4844111454208493,1.6812147867344767,1.6095310403544898,1.5680173035927882,1.5734904710682156,1.4076446723899767,1.492993809224752,,
Ghana,,,,,,,,1.6358526110108669,1.420524085480325,1.3043588028801314,1.4125729510059533,1.3817407788613572,1.2325434369347223,,
Great Britain,,,,,,0.6919489629867129,0.9517073150485282,1.0977537649233424,0.9359845810027083,0.8208166620730102,0.376662145304395,0.12169716866360934,,,
Greece,,,,,,,2.16617041309979,2.087201105669026,2.125153704198897,2.067514021372215,2.0272518490732114,1.9568924870061934,,,
Guatemala,,,,,,,,,-1.3304137738843163,-1.0662895686018812,-1.240347741545418,-1.6339292468499567,,,
Hong Kong,,,,,,,-0.7843756049446997,-0.6643908344434709,-0.4073347579629613,-0.41927468621351716,-0.3939901336546037,-0.28545363934419465,-0.07390760415646112,,
Hungary,,,,,,0.6438735239519218,0.48815506809520937,0.7293819563442213,0.9058573213759881,0.9177371740123001,0.9129922874827345,0.8265650891353985,,,
Iceland,,,,,,,2.088376046333657,1.8351431179049884,2.164352172938852,2.0468921399124436,1.8334993881057275,1.6997925394302855,,,
India,,,,,,,-1.3280565787375067,-1.371995595467214,-1.3866865750206983,-1.3877274007680918,-1.486427452170694,-1.440065038462738,-1.4477134481750396,,
Indonesia,,,,,,,,-1.5418013306100073,-1.5986494796814597,-1.5523095721261497,-1.6146339851070355,-1.5276136080981435,,,
Iran,,,,,,,-1.2158260872771842,-1.3210938807337906,-1.3336411031271014,-1.3294028876876791,-1.5773318692709148,-1.60348418388326,,,
Iraq,,,,,,,-0.12018436516499721,0.0911247728506358,0.051825347820215376,0.14586885256209656,0.17648442756369184,0.23749604665572346,0.21540441740711438,,
Ireland,,,,,,0.7883749751246357,0.5871230309482378,0.7883705451534323,0.579597188039623,0.8280672719768958,0.6709749435386315,0.5007120168496526,,,
Israel,,,,,,,-0.026882190492907514,-0.05577040141606047,-0.04661833041592616,-0.05309719952404843,-0.05327633496507365,-0.04872813082350511,,,
Italy,,,,,,1.4463479185337038,1.2678768427242777,1.4993700191191373,1.626886383999219,1.5273081110164628,1.322899336022562,1.4058571729022022,,,
Japan,,,,,,0.8464692541996339,0.6657519438292605,0.7506453010776059,0.7824339099740519,0.6004556767662803,0.33216476909162745,0.33821525429924604,,,
Jordan,,,,,,,,-0.6155737839856094,-0.7506074996737221,-0.8107733058528812,-0.6359762740382195,-0.6362313974078202,-0.7883817865074694,,
Kazakhstan,,,,,,,,-0.6136381382777287,-0.6861917630134271,-0.7568832232330701,-0.6534500044027822,-1.0975747270195755,-0.8144181907267852,,
Kosovo,,,,,,,,-1.1216155671375183,-0.5995486700925282,-1.3561663083235977,-0.8861103676829168,-1.2135797101996877,,,
Kuwait,,,,,,,,,,-0.15478617063149744,-0.35640533226958904,-0.520879404077501,-0.25043000478000804,,
Kyrgyzstan,,,,,,,,-2.0827329487415125,-2.011596954165965,-2.228402070681803,-2.127475754210698,-1.9380830246715721,-2.06619225221283,,
Latvia,,,,,,-0.3676934905974821,-0.5138859608014001,-0.44358379858010477,-0.37243574826092163,-0.5078403320021669,-0.6147238884237395,-0.6024867039738244,,,
Lebanon,,,,,,,,,-1.783207274996292,-1.8831769940674008,-1.7982039316036689,-1.512742659476146,-1.3735793656069546,,
Libya,,,,,,,,,-0.5530128143294678,-0.4022780327682124,-0.7737532824235478,-1.0586037955062464,-0.6878101593667759,,
Lithuania,,,,,,-0.5543317941146216,-0.5104867053910671,-0.6604140020471083,-0.6302786950891548,-0.6840835051321331,-0.613147684274581,-0.6583816717524407,,,
Luxembourg,,,,,,,0.5846991531224255,0.871058712919765,0.9102627477588047,0.8929999029442708,0.6179875114325386,0.3939383006492169,,,
Macedonia,,,,,,,-1.0360182191709593,-0.8970666049632479,-0.8113316136528556,-0.8523650996172798,-0.870259112422951,-0.8639026158654696,,,
Malaysia,,,,,,,,,-0.8731243047033295,-1.1410630660301777,-1.1264584770302979,-1.3052108395647468,-1.4107464800093128,,
Mali,,,,,,,,-1.1846940656210414,-0.9193843191326673,-1.0454342053398205,-1.0960436720622917,-1.0989824228367062,,,
Malta,,,,,,1.3129384276978904,1.2845014025557748,1.1995807266607197,1.337695611100526,1.2288122480923735,1.1295483712145078,0.976740926904952,,,
Mexico,,,,,,,-1.3993757707945886,-1.4108855112803027,-1.2131457418593885,-1.3699326918815455,-1.4699556377774132,-1.4743681548307004,-1.4997223238494453,,
Moldova,,,,,,-1.1994455755161004,-1.292798259775286,-1.2112090433221803,-1.140092762940963,-0.927788537665469,-0.9746345178390206,-1.029607994634316,,,
Morocco,,,,,,,,0.3986926389996328,0.6709765691272842,0.7344114527895554,0.9615086914522886,0.9749627127746551,,,
Netherlands,,,,,,0.5520988772436691,0.47128060139232497,0.7029788345523821,0.8034428026467043,0.7745790969635395,0.6376818100067607,0.6073805061733086,,,
New Zealand,,,,,,1.468528552604938,1.3143805326978264,1.4332794697493154,1.6030617734275385,1.3312825091393945,1.0647032612004923,1.0470288842393891,,,
Nigeria,,,,,,,,0.11265725602476191,0.11799095531407809,-0.10464687793291966,-0.14848070284803808,-0.2903539163469692,-0.39696911006821906,,
North Ireland,,,,,,1.019940141752322,1.0769558299403457,0.9457215840152287,0.8725924760341293,0.8676306403873897,0.648050041568155,,,,
Norway,,,,,,1.4802438880501958,1.5374511393774903,1.8336146123251793,1.9613960507265482,1.6834542532425332,1.3678370428213744,1.283601894830793,,,
Pakistan,,,,,,,,-1.468213698550148,-1.3896734268528266,-1.3792347192369798,-1.468224337532563,-1.361333461580738,-1.336015882899408,,
Palestine,,,,,,,,,,-0.4932163925215629,-0.5431589274763614,-0.47378163053635464,-0.8640507340532991,,
Peru,,,,,,,,-0.4281075345986268,-0.37467164695834526,-0.2635172685567559,-0.3496948677955654,-0.4991768872794569,-0.3821259991329006,,
Philippines,,,,,,,-1.5383353360007985,-1.6737637812894184,-1.6215083794168248,-1.7738245480740218,-1.850027399070735,-1.9502843616234595,-2.042999421332129,,
Poland,,,,,,-0.09950787377642258,-0.2858453791435072,-0.21820047208220603,-0.23148744601431537,-0.16095206838713155,-0.13931538765901616,-0.26802291975811315,-0.42244647413231656,,
Portugal,,,,,,-0.3300859269638071,-0.24481134528259202,-0.0950793327414436,-0.20242480670149324,-0.2030699530003022,-0.11477429473874513,-0.20008906277129,,,
Puerto Rico,,,,,,0.8384384575770516,0.8918340636791976,0.8067599095202761,0.8086337000553633,0.5893431622848373,0.37878245256503024,,,,
Qatar,,,,,,,,,-0.03012667414197015,0.012951714612045988,0.013468131381208597,0.016060432412612943,0.05217425268567642,,
Romania,,,,,,-1.291374195433135,-1.4103374200756762,-1.2961866423568793,-0.9807228074438149,-0.8305196028956251,-0.9132456740596823,-1.2207960301839653,-1.0999614498428962,,
Russia,,,,,-1.4509098716832507,-1.389727307842464,-1.3140879775060557,-1.4255555357096124,-1.301371214733757,-1.214191728913978,-1.1832881242924154,-1.1618591644608343,-1.0854488981244985,,
Rwanda,,,,,,,,,-0.07182010047537969,-0.02932418520646158,-0.18541367641540774,-0.0427904169717206,-0.08936877462068965,,
Saudi Arabia,,,,,,,,,-0.13116444139878744,-0.13619818530152825,-0.12825299334213416,-0.13381467724503374,,,
Serbia and Montenegro,,,,,,-0.5452188086763384,-0.20442177664902678,0.18115242515666818,0.364522105841382,0.41990997400814273,0.4777657364336866,0.34861158472765547,,,
Singapore,,,,,,,,-0.23387127324347326,-0.0445769544219156,0.03718763258739098,-0.1681922243360606,-0.7167935969663068,-0.6651156112294359,,
Slovakia,,,,,,0.3719862723337173,0.3872432619432579,0.722630977138385,0.6214258774801887,0.7137497766595804,0.8452729153757214,0.6847827754949495,,,
Slovenia,,,,,,0.6039280529483156,0.4687771841872236,0.7504516870609919,0.7588616363848302,0.799849140262555,0.5839933466391021,0.4318191566654272,,,
South Africa,,,,,,,-0.28826384575078606,-0.27913965622500286,-0.23254909894630948,-0.3820049440364308,-0.38638830609212965,-0.39171381042474457,-0.3620143274238948,,
South Korea,,,,,,,-0.5132714070651067,-0.26506901768680863,-0.1952399840505447,-0.2538789044065626,-0.13572351437955524,0.0897942527884935,,,
Spain,,,,,0.2524254676902526,0.3488429259521331,0.4111318644883913,0.6000183373223434,0.9183785125637377,0.8983578763764006,0.9387800583800419,1.0462176159830927,1.1203914490592917,,
Sweden,,,,,,1.2658227113601712,1.0421845768273155,1.4869901034567403,1.6693724436514839,1.634061611387928,1.4752614083439572,1.3563569035243475,1.2695254456561036,,
Switzerland,,,,,,0.9751997533368776,1.1916288775131996,1.1343999973746661,1.1933112832745811,1.2506130554306454,1.3137580639740538,1.156315704502425,,,
Taiwan,,,,,,,-0.7818091842733973,-0.7795910294520533,-0.9295820604824201,-0.8719045868561013,-0.6534262854575923,-0.8530960103964531,-0.576424220903218,,
Tanzania,,,,,,,,1.9518636612912967,2.1743477542309,1.8918356600240758,1.5724464787296548,1.368871783294726,,,
Thailand,,,,,,,-0.9284250649862007,-0.9183922024643126,-0.8650839365989157,-0.9040473738618948,-0.9783005289648589,-1.0823438725774146,,,
Trinidad and Tobago,,,,,,,,1.0521091856926588,0.7620604692603083,0.9468614786160244,0.6443545019993956,0.22802154259159577,,,
Tunisia,,,,,,,,-1.2244000559694725,-1.3585444362820875,-0.8660898490619761,-0.3092910789079187,-0.5090534314608995,-0.5637993869062787,,
Turkey,,,,,,,-0.5558189732967413,-0.5320265633842962,-0.5904449440370262,-0.5693656356002831,-0.7575711418903729,-0.723411218214956,-0.8113434673860626,,
Uganda,,,,,,,,,-0.054973040980690877,0.06632137634183459,0.47438588599161724,0.14601385708173864,,,
Ukraine,,,,,-1.137180769004024,-1.1896379163900617,-1.232995388936895,-1.0435534004251577,-1.0521200635321628,-0.922789527853882,-1.0340636895102375,-1.0090120971143741,-0.9813515378575336,,
United States,,,,,1.1752887263586633,1.0374951685715366,0.7309146682825632,0.7712308554752088,0.5140633785398137,0.3595549676601691,-0.02796702699066124,-0.24425382033638604,-0.3626604583465859,,
Uruguay,,,,,,0.35646305810662715,0.4496360636693914,0.28616303618615874,0.46944620791660463,0.3985386533078518,0.23689777057309183,0.34768258432290766,0.2985936419229404,,
Uzbekistan,,,,,,,,,-0.15826611144962904,-0.24378913307883993,-0.37725929257170127,-0.4058188917164432,-0.26230699723682527,,
Venezuela,,,,,,,-0.4216737551142895,-0.22225125418772643,-0.16214812126018202,-0.2906709092188244,-0.3296481410933459,-0.32931828007333536,,,
Viet Nam,,,,,,,-2.0092525755338375,-1.7480953779096386,-1.7294163088379235,-1.7959986422892678,-1.7819150814027727,-1.7033098627070336,,,
Yemen,,,,,,,,,,0.15419724626367212,0.22066854315995071,0.2056055544553839,-0.19338629588589046,,
Zambia,,,,,,,,,0.43074529324230587,0.7959187908610388,0.5521600088783284,0.18571296392540879,0.5150182112857755,,
Zimbabwe,,,,,,,,0.9398960587997103,0.8446173483536883,0.9274569607398446,0.8439358820449288,0.7213512012939023,0.7999977666153842,,
