,1870.0,1880.0,1890.0,1900.0,1910.0,1920.0,1930.0,1940.0,1950.0,1960.0,1970.0,1980.0,1990.0,2000.0,2010.0
Albania,,,,,,,-0.3783255722023303,-0.5711410759266474,-0.48574011496152786,-0.45650119549208534,-0.47148795174194436,-0.3169433375464829,,,
Algeria,,,,,,,,-0.9572608793595163,-0.9369605418775573,-0.9709529788553155,-0.948745484126981,-0.9082991134862601,-0.9876488332958986,,
Andorra,,,,,,,,-0.3856947682298869,-0.39380869513073335,-0.017288940901226273,-0.2587779656090632,-0.41820676372978155,,,
Argentina,,,,,,-0.4104465303596917,-0.3458645012087112,-0.11595570007643181,-0.3832763925100053,-0.1182362530687354,-0.24742208696751727,-0.16232299133813943,-0.1585423324357969,,
Armenia,,,,,,-0.745232456035975,-0.7073867178543222,-0.8000287270959119,-0.927737354086909,-0.7021225247143164,-0.8697662069446268,-0.9560039938943458,,,
Australia,,,,,0.7726786549797743,1.0560418149678261,1.061234777994957,1.1645419553995697,1.4171734594790262,1.169503675963306,1.2311509422172227,1.3133276699393783,,,
Austria,,,,,,0.12875097651539316,0.03230800307061991,0.7739629791451688,1.1419325439535426,0.9311303844328154,0.8508686148546918,0.9637340471487321,,,
Azerbaijan,,,,,,,0.07208417902338064,0.19306596823641464,0.12434716077370188,-0.07055097635459615,-0.022211598835123993,-0.31850109798351955,-0.0638744397396223,,
Bahrain,,,,,,,,,0.7669427121567094,0.2786219586431111,0.6302069230517874,0.4275195527693667,0.4889107178093368,,
Bangladesh,,,,,,,,-0.19223240455733528,-0.21239688996874645,-0.2544953774808247,-0.3480865470363629,,,,
Belarus,,,,,,0.5180244636128881,0.587898378770741,0.667086953882851,0.7769591381942047,0.6743409542651757,0.5148868405851023,0.569710741228995,0.6884651759861297,,
Belgium,,,,,,0.25563959044836043,0.513712480610589,0.6055790841111891,0.6080157555794222,0.9168074233495125,0.6044791295876416,0.685863358521047,,,
Bosnia,,,,,,,0.08089620936747317,-0.1886572459178666,-0.25658647515188765,-0.22799330371141227,-0.4685485573462096,-0.4564370223006,,,
Brazil,,,,,,,,-1.4295352309462133,-1.3439372953759923,-1.5250273301005102,-1.3774652830654477,-1.2883300168945053,-1.2403159117337232,,
Bulgaria,,,,,,0.016008800846652467,-0.15654498915479467,-0.008022959476517278,-0.15984545687805649,-0.11547329319572683,0.0382659026881293,0.013083821780904949,,,
Burkina Faso,,,,,,,,-0.689373365855767,-0.8917612811918717,-1.3273808743854287,-1.1390656045330585,-1.3214876000727993,,,
Canada,,,,,,0.33194811407637825,0.4743664942055292,0.9244219690020439,1.0903758450082988,0.9031305285228938,1.0069347128664323,0.6496292974086167,,,
Chile,,,,,,,-0.5010057911103701,-0.6205156863247435,-0.6032892300754266,-0.5437189141393033,-0.36727970571046076,-0.45496875419538463,-0.49222037432448024,,
China,,,,,,,2.1222665716652886,2.118979604094641,1.8850902108945167,1.8540803895746052,1.7860768342965396,1.7520920948982448,1.7406955991866229,,
Colombia,,,,,,,-1.1049185248273927,-1.233860501034877,-1.088024054269435,-1.189638964703484,-1.1228600723344835,-1.2830804164201344,-1.1864258114424682,,
Croatia,,,,,,-0.4786215065588702,-0.5493653257242953,-0.26595605788389204,0.06787056151570796,-0.07741753606573916,-0.2743683969898025,-0.04510556018617392,,,
Cyprus (G),,,,,,,-1.4746294792034012,-1.424612516208602,-1.3008498323011626,-1.2954274443870715,-1.0967706432963216,-1.1021170542943455,-1.1214111980755122,,
Cyprus (T),,,,,,,,,,,-1.506110443441805,-1.380643868385411,,,
Czech Rep.,,,,,,0.4074529399993497,0.608777212017416,0.6801855115717313,0.5319453395990867,0.3874185214533181,0.5330706184136093,0.5331578185445695,,,
Denmark,,,,,,,1.7689320693212456,2.52109828990017,2.848866124303696,3.21272725534561,2.7788667115043904,2.993455618443192,,,
Dominican Rep.,,,,,,,,,,-0.021786823130502175,-0.19508837967448436,,,,
Ecuador,,,,,,,,-1.4461512731550266,-1.3883191859963382,-1.4343970430219568,-1.1659139137349672,-1.2801563020450284,-1.4156161386281314,,
Egypt,,,,,,,0.17379873178454194,-0.1920678713397533,-0.10944246531547235,-0.31198719086666526,-0.6296108627763759,-0.48185944678911574,-0.6876234957767196,,
El Salvador,,,,,,,-0.9926062987673601,-0.7651256758042889,-0.6284955840632257,-0.6548534480087446,-0.462965342588958,-0.4171103874026932,,,
Estonia,,,,,,0.16288677300641155,0.2872324370301265,0.5536205293600373,0.5474729374135807,0.5946556311942979,0.8028898086058293,0.8618957926915026,0.8849719521266254,,
Ethiopia,,,,,,,,,,-0.06538432567132849,-0.5576342720958973,-0.1368581816679185,,,
Finland,,,,,,1.6223704242466463,1.8758891665722646,1.6316562050976227,1.8481253096096948,1.7525109141394786,2.1147410247899625,1.9796637616818666,,,
France,,,,,,-0.2787829185044738,-0.4602534605455716,-0.06871845571075424,0.003080685795056933,0.08299546976174794,-0.09651922698526083,-0.05396741499554071,,,
Georgia,,,,,,-0.4903950055354056,-0.47932611192609453,-0.5956764370352015,-0.754975239090595,-0.7349410368306637,-0.7135879457074238,-0.758791737988344,-0.7976413329977289,,
Germany,,,,,0.38160857091202216,0.4644513043076986,0.5683853122250621,0.9521303547326996,0.8184559616787113,1.012604284919894,1.036670782776051,1.2742662488163683,1.3259374505858648,,
Ghana,,,,,,,,-1.510732533424696,-1.6238297987543957,-1.5908051012789186,-1.7485972959075657,-1.773161066764793,-1.870714904338139,,
Great Britain,,,,,,0.28669512294667177,0.4660004445118015,0.5311779331500694,0.4586684291938242,0.4300145767274029,0.20106236480698403,0.25635662412615057,,,
Greece,,,,,,,-0.7614379999005589,-0.5687968054664683,-0.09180535307316631,-0.02870282809338211,-0.19066848958179752,-0.08802374965200221,,,
Guatemala,,,,,,,,,-0.652536064184708,-0.5519420540468811,-0.6390467553138509,-0.6241551581425122,,,
Hong Kong,,,,,,,0.9752578719769315,1.1765073696401025,1.1077254740132911,1.7069573462482817,1.8448917090505368,1.9554607787652454,2.0745776239266824,,
Hungary,,,,,,-0.07248829930961215,-0.11739927895229864,0.24995726387111997,0.2837909153618287,0.14988662831973693,0.295155669800284,0.40103596617373527,,,
Iceland,,,,,,,1.8474421950215063,1.9449974908163112,1.9084425864235446,1.5677048174498276,1.3700522332646563,0.8227624985840087,,,
India,,,,,,,0.14524770823063787,0.23530572379229459,0.1921779756356894,0.10807276473680538,0.1988838505020301,0.03358869393755241,0.060343861430974886,,
Indonesia,,,,,,,,1.0324071688169452,0.7438860515367985,0.6206937351254114,0.42488135778369185,0.35882537626161753,,,
Iran,,,,,,,0.5326378809421916,0.4466079781899846,0.5409435385157716,0.5136008888987046,0.44381624878180603,0.44016595405180453,,,
Iraq,,,,,,,0.7051433879873971,0.6977405422759846,0.6039511251886195,0.6248431554894361,0.7608152770886356,0.7699693125783382,0.7598819529677667,,
Ireland,,,,,,0.6859886839323698,0.8984324154181456,1.080631645771301,0.8649042865415975,0.7809614679993728,0.7089691354511843,0.8401988767749791,,,
Israel,,,,,,,-0.63990190807437,-0.04423269260949929,-0.23294659278943408,-0.09935358874356225,-0.09565985125662356,-0.18944292421981762,,,
Italy,,,,,,-0.2061462416530475,-0.11240492359580002,0.025736443188996698,0.7007924375465728,0.32852021278379623,0.28970733520390574,0.4799822856437326,,,
Japan,,,,,,0.828107736059242,0.7140788514419192,0.9896665486387206,1.0908520619005193,0.8196672499042316,0.9773263023931219,1.01370842003625,,,
Jordan,,,,,,,,-0.7481640525403553,-0.8952425150259247,-0.893531225874333,-0.9163080997488696,-1.0814582471065795,-1.0168872448935433,,
Kazakhstan,,,,,,,,1.465766402135298,0.8439500253959376,0.6680582610517005,1.1949426761620041,1.0512473803605304,0.9900516130232905,,
Kosovo,,,,,,,,-0.9489560062873909,-0.9442719924366936,-0.8137865779939053,-0.8954440241750364,-1.0987155182957737,,,
Kuwait,,,,,,,,,,-0.059105701136334,0.041934522827043096,0.5542983707704341,-0.30790766097442884,,
Kyrgyzstan,,,,,,,,0.6832471446151396,0.44071870377465056,0.3584187167669891,0.31429745104472356,0.018365590200076578,0.07320550401998381,,
Latvia,,,,,,-0.27894341152039653,0.06495182218418037,0.09002668705035682,0.20828645565931722,0.19552117945182618,0.20372209178602324,0.4341875076295544,,,
Lebanon,,,,,,,,,-0.4704582429047503,-0.8361466362116662,-0.7787866468778418,-0.9271554917704061,-0.8796588481851437,,
Libya,,,,,,,,,-1.390009267799547,-1.459970372898569,-1.562356648793338,-1.3961229270491817,-1.7708513900081009,,
Lithuania,,,,,,-0.19117068502081527,0.012762180660392915,0.10835072855383776,0.18486389085128382,0.41241796362282995,0.3526819107393159,0.6361442036168405,,,
Luxembourg,,,,,,,0.5287873838056473,0.542476597428177,0.724361305212575,0.6084700592980367,0.34042332316667634,-0.06741160911105903,,,
Macedonia,,,,,,,-0.900269199206576,-0.7077698244317157,-0.6876893532915803,-0.8512343758808633,-0.6152441726357223,-0.5698620675674143,,,
Malaysia,,,,,,,,,-1.2899777329463737,-1.3139381425348653,-1.1588688100055173,-1.2624226449665463,-1.3276407155548324,,
Mali,,,,,,,,-0.5021797385949881,-1.0533223164539294,-0.9994043710963636,-0.8760257066117344,-1.024403314128797,,,
Malta,,,,,,-0.277128416924524,-0.3859108647533499,-0.43428379961510793,-0.45784313936102683,-0.1630945878593109,-0.367399196330212,-0.27620559943621176,,,
Mexico,,,,,,,-0.4106621079960402,-0.28142165731756363,-0.3949953549980326,-0.4165301393647746,-0.4029449660331814,-0.22025544705911823,-0.2180034968893275,,
Moldova,,,,,,0.048558724762224434,-0.004814999951056987,-0.3354788160953173,-0.21697355402030305,-0.3938981487955723,-0.3872880341440178,-0.41133020904677264,,,
Morocco,,,,,,,,-0.6612919518789323,-1.007540150198744,-1.1377831590760912,-1.111163099964966,-1.126140221580114,,,
Netherlands,,,,,,1.9598008536165155,2.414954655539487,2.519323200454684,2.617846382598765,2.397369525978411,2.32536091742778,2.6688315145285855,,,
New Zealand,,,,,,1.4757947374438873,1.1053784301955663,1.7339846935402232,1.9104065849189247,1.5335186540035233,1.1060387750974061,1.3904515713235754,,,
Nigeria,,,,,,,,-1.1384308801988672,-1.0367372690719903,-1.0676805928764235,-0.8142647741627445,-0.6937052511878742,-0.771130734749474,,
North Ireland,,,,,,1.1413350845439783,1.2404200915217625,0.6918077030581556,0.7716484463750011,0.45158674084328554,0.036421645011091935,,,,
Norway,,,,,,1.942599159787762,2.0613386154771653,2.5993468585383885,2.9606592891390955,3.0773981618380657,2.8752000733669836,3.0392717744387165,,,
Pakistan,,,,,,,,-0.5989165180927812,-0.5680645099987809,-0.5098823412411672,-0.6255324606530553,-0.6152438473024515,-0.7578140387695935,,
Palestine,,,,,,,,,,-0.14075998105361523,-0.29215522385930437,-0.44618514399455056,-0.3364316663861147,,
Peru,,,,,,,,-1.1261722530556144,-1.0643744078591089,-0.9515525695030769,-1.052446328019957,-1.0169178374287788,-0.9847108362656216,,
Philippines,,,,,,,-1.3095147227877646,-1.2088178789732584,-1.3419487536443582,-1.111745634390339,-1.2994966787596967,-1.159524314492515,-1.264447034654136,,
Poland,,,,,,-0.6827683562458156,-0.5276386299737085,-0.3551115466930044,-0.18779688928987792,-0.37969320866199546,-0.11788945201832937,-0.005989601598897845,-0.015334176661985227,,
Portugal,,,,,,-0.9235006274834464,-0.8981254918931321,-1.044528183351481,-0.8450436001295274,-0.7275243085876992,-0.7038669688919813,-0.5378131161757329,,,
Puerto Rico,,,,,,-0.9143760728231807,-1.0424835487532207,-0.7093970075812731,-0.6987544095260015,-1.144713805430359,-0.9745020588430748,,,,
Qatar,,,,,,,,,-0.9278951019574504,-0.8075507811768403,-0.8189362112742732,-0.7620806194082148,-1.2133720012821663,,
Romania,,,,,,-1.4275048253353488,-1.105292503198795,-1.2349606049885498,-1.2142722566583168,-1.2748625892021581,-1.1321724076950312,-0.994067947715002,-0.9348666899958407,,
Russia,,,,,0.28743902545822125,0.25518653253949414,0.45460771664668764,0.32047378782009805,0.28580421559435365,0.446885296682526,0.48874992464332573,0.45995365723930925,0.4626177775510347,,
Rwanda,,,,,,,,,-1.0028683284401145,-1.0515373435590423,-0.7624774530943982,-0.8257558970373099,-0.9357572242141183,,
Saudi Arabia,,,,,,,,,1.6253768437491791,1.5059334999003202,1.2510333728688725,1.346361949723678,,,
Serbia and Montenegro,,,,,,-0.06992786141684469,-0.21141172268617484,-0.09156567250747716,0.06279956123237625,0.09338046325505191,-0.10033943072238095,-0.013872146689947913,,,
Singapore,,,,,,,,0.03156900347841029,-0.17964694996264857,0.0679249932431064,0.24564812697755362,0.27462919379999157,0.4602235142928527,,
Slovakia,,,,,,-0.157923067982631,-0.29271422252809376,-0.29507658759836736,-0.26501845845220123,-0.09383057101219268,-0.3758846333593583,-0.3653853131853798,,,
Slovenia,,,,,,-0.38361284003960233,-0.40959355735095865,-0.16447816391791825,-0.04711005029524965,0.09663631396597927,0.11295480449474891,-0.05693997394495198,,,
South Africa,,,,,,,-0.3637145985927284,-0.3816143745179949,-0.29902239270452563,-0.22339664353740263,-0.3707008601824118,-0.2911802503681029,-0.2992264806201066,,
South Korea,,,,,,,-0.1204645037969399,0.13298279552452602,0.18661491955836265,0.5084338473271132,0.5523042834220393,0.9676365453513297,,,
Spain,,,,,-0.2503204411022803,-0.0822550262625576,0.002444050133806884,0.10451613773621136,0.2580697967523933,0.38468786088100665,0.46262791609577053,0.7297100715837479,0.7332728381720379,,
Sweden,,,,,,2.2863083221523453,1.828875335487525,2.568459695746298,2.6885764023088514,2.7698722682560555,2.6210692926484747,2.2186125740887497,2.320654574582356,,
Switzerland,,,,,,0.9105773020866735,1.1584368125255637,1.4415429208653103,1.6466793493379583,1.6557818637743427,1.3659184906463322,1.412031432346175,,,
Taiwan,,,,,,,-0.7153311149151768,-0.3574756631469915,-0.3171680217786871,0.29251604971822753,0.6636827777214817,0.6640581860330047,0.9284352464372015,,
Tanzania,,,,,,,,-1.3113364351180354,-1.2814563473956864,-1.2462535915452746,-1.6085084581270124,-1.8094653499359803,,,
Thailand,,,,,,,0.8786412784335926,0.6411171535294214,0.3559879448133488,0.3813535553341812,0.3481756389422468,0.10200918761013696,,,
Trinidad and Tobago,,,,,,,,-1.2741309663406941,-1.208083814753606,-1.3148993972132592,-1.2028636256044563,-1.1301513761379818,,,
Tunisia,,,,,,,,-0.8605794180512951,-1.2540853416005409,-1.4519952931924511,-1.3585583346140182,-1.261740330730375,-0.9859907368451077,,
Turkey,,,,,,,-1.3715958012854996,-1.3031939604738882,-1.3585399694640783,-1.4466291630437897,-1.3783614030987938,-1.3375922821117912,-1.355329902031559,,
Uganda,,,,,,,,,-1.3195025734833155,-1.5239868940397956,-1.4151685780834424,-1.184444808749512,,,
Ukraine,,,,,0.42269978027359345,0.21843941866368471,0.45837984484125177,0.20739542850354736,0.24162842663559211,0.23443942885787297,0.23324274661929545,0.006816972418439889,0.018994060544702325,,
United States,,,,,0.8911016654116791,0.8533709423099869,1.057218070419127,0.8155140914427135,0.6454480865774628,0.5143499148774442,0.23685127399035108,0.3807040650626178,0.4274048518933686,,
Uruguay,,,,,,-0.06649964707702759,-0.000379654963984138,0.1072201558716956,-0.03011566383094215,0.09602802989820919,0.13239528062811684,0.3018278927701562,0.33577793905111347,,
Uzbekistan,,,,,,,,,-1.153083073161262,-1.1956351999419945,-1.2286534910483942,-1.3999957326513246,-0.8739749624780176,,
Venezuela,,,,,,,-1.3289357114983325,-1.1723078971382446,-1.3117961010050876,-1.227941293862421,-1.2150944892620332,-1.1601503741382766,,,
Viet Nam,,,,,,,1.4453055827528898,1.2314915197268304,0.8990251128220474,0.974565019993713,0.8869179387849968,0.8871268084873011,,,
Yemen,,,,,,,,,,0.7862233520933257,1.0875644449536348,0.6046822452815442,0.6242547469324454,,
Zambia,,,,,,,,,-1.213071108554214,-1.2287846076132678,-0.9658209461728945,-0.8933305720841973,-0.9166981330658424,,
Zimbabwe,,,,,,,,-1.011243933203323,-1.093241490722085,-1.3394581541531299,-1.3069005586247682,-1.3834436201150655,-1.3993636420726536,,
